0	-4.7922E-7	-5.0195E-7	-5.0346E-7	-4.7609E-7	-4.1903E-7	-4.2191E-7	-3.9758E-7	-3.9372E-7
0.024	-2.5331E-8	-2.4374E-8	-2.5638E-8	-2.4374E-8	-2.4099E-8	-2.5995E-8	-3.2077E-8	-2.3183E-8
0.048	2.0281E-6	2.0046E-6	2.0883E-6	2.1129E-6	1.8391E-6	1.9482E-6	1.8502E-6	1.8078E-6
0.072	4.7877E-6	4.6646E-6	4.9162E-6	5.044E-6	4.3506E-6	4.5137E-6	4.3026E-6	4.3127E-6
0.096	7.9512E-6	7.8107E-6	8.2506E-6	8.3783E-6	7.2967E-6	7.6861E-6	7.0184E-6	7.2111E-6
0.12	1.114E-5	1.108E-5	1.1557E-5	1.1759E-5	1.0343E-5	1.0543E-5	1.0111E-5	1.0396E-5
0.144	1.4838E-5	1.4641E-5	1.522E-5	1.5812E-5	1.3812E-5	1.4191E-5	1.3167E-5	1.3584E-5
0.168	1.8762E-5	1.8629E-5	1.9153E-5	2.0161E-5	1.7371E-5	1.7788E-5	1.71E-5	1.7183E-5
0.192	2.2969E-5	2.2935E-5	2.405E-5	2.4699E-5	2.1656E-5	2.2464E-5	2.1332E-5	2.1635E-5
0.216	2.7788E-5	2.8465E-5	2.9238E-5	2.94E-5	2.6831E-5	2.7468E-5	2.6683E-5	2.7107E-5
0.24	3.3129E-5	3.3392E-5	3.4735E-5	3.5457E-5	3.206E-5	3.3274E-5	3.1656E-5	3.2709E-5
0.264	3.9333E-5	4.0105E-5	4.1144E-5	4.2517E-5	3.7391E-5	3.9098E-5	3.7786E-5	3.9173E-5
0.288	4.6077E-5	4.7238E-5	4.764E-5	4.8951E-5	4.417E-5	4.578E-5	4.4832E-5	4.5893E-5
0.312	5.3128E-5	5.4225E-5	5.5897E-5	5.6661E-5	5.1137E-5	5.2835E-5	5.2224E-5	5.2849E-5
0.336	6.1219E-5	6.2975E-5	6.417E-5	6.6143E-5	5.9137E-5	6.0379E-5	6.0842E-5	6.0912E-5
0.36	6.9856E-5	7.113E-5	7.3637E-5	7.4742E-5	6.7615E-5	6.9643E-5	6.8606E-5	7.048E-5
0.384	7.9153E-5	8.1389E-5	8.3548E-5	8.5407E-5	7.7754E-5	7.9034E-5	7.7936E-5	8.0636E-5
0.408	8.9492E-5	9.2066E-5	9.4706E-5	9.6875E-5	8.7433E-5	8.8812E-5	8.8895E-5	9.0861E-5
0.432	1E-4	1.03E-4	1.05E-4	1.1E-4	9.883E-5	1.01E-4	1.01E-4	1.02E-4
0.456	1.13E-4	1.16E-4	1.17E-4	1.22E-4	1.12E-4	1.14E-4	1.15E-4	1.16E-4
0.48	1.27E-4	1.31E-4	1.32E-4	1.35E-4	1.26E-4	1.29E-4	1.3E-4	1.3E-4
0.504	1.41E-4	1.45E-4	1.48E-4	1.51E-4	1.42E-4	1.44E-4	1.44E-4	1.44E-4
0.528	1.59E-4	1.62E-4	1.66E-4	1.68E-4	1.58E-4	1.61E-4	1.61E-4	1.6E-4
0.552	1.75E-4	1.79E-4	1.84E-4	1.85E-4	1.75E-4	1.81E-4	1.8E-4	1.78E-4
0.576	1.95E-4	1.98E-4	2.02E-4	2.03E-4	1.96E-4	1.99E-4	2.01E-4	1.97E-4
0.6	2.14E-4	2.19E-4	2.23E-4	2.25E-4	2.19E-4	2.22E-4	2.2E-4	2.18E-4
0.624	2.37E-4	2.42E-4	2.47E-4	2.48E-4	2.41E-4	2.44E-4	2.42E-4	2.4E-4
0.648	2.59E-4	2.66E-4	2.68E-4	2.72E-4	2.62E-4	2.68E-4	2.68E-4	2.64E-4
0.672	2.86E-4	2.92E-4	2.96E-4	2.99E-4	2.86E-4	2.94E-4	2.94E-4	2.93E-4
0.696	3.13E-4	3.18E-4	3.24E-4	3.27E-4	3.16E-4	3.28E-4	3.23E-4	3.19E-4
0.72	3.47E-4	3.45E-4	3.55E-4	3.6E-4	3.52E-4	3.59E-4	3.53E-4	3.48E-4
0.744	3.79E-4	3.79E-4	3.85E-4	3.92E-4	3.81E-4	3.9E-4	3.94E-4	3.8E-4
0.768	4.13E-4	4.12E-4	4.17E-4	4.3E-4	4.2E-4	4.28E-4	4.3E-4	4.14E-4
0.792	4.5E-4	4.51E-4	4.57E-4	4.68E-4	4.58E-4	4.69E-4	4.67E-4	4.54E-4
0.816	4.9E-4	4.94E-4	4.99E-4	5.15E-4	4.97E-4	5.15E-4	5.1E-4	4.98E-4
0.84	5.34E-4	5.43E-4	5.42E-4	5.6E-4	5.44E-4	5.58E-4	5.52E-4	5.45E-4
0.864	5.86E-4	5.9E-4	5.9E-4	6.13E-4	5.95E-4	6.15E-4	6.06E-4	5.93E-4
0.888	6.37E-4	6.43E-4	6.47E-4	6.59E-4	6.53E-4	6.76E-4	6.62E-4	6.49E-4
0.912	6.96E-4	7.23E-4	7.06E-4	7.17E-4	7.12E-4	7.47E-4	7.28E-4	7.08E-4
0.936	7.59E-4	7.85E-4	7.76E-4	7.86E-4	7.74E-4	8.12E-4	7.87E-4	7.74E-4
0.96	8.32E-4	8.52E-4	8.47E-4	8.57E-4	8.55E-4	8.78E-4	8.6E-4	8.46E-4
0.984	9.12E-4	9.29E-4	9.26E-4	9.33E-4	9.27E-4	9.6E-4	9.35E-4	9.3E-4
1.008	0.00111	0.00112	0.00112	0.00115	0.00112	0.00116	0.00113	0.00112
0.984	0.00111	0.00112	0.00112	0.00114	0.0011	0.00115	0.00111	0.00112
0.96	0.00102	0.00103	0.00103	0.00105	0.00101	0.00104	0.00103	0.00102
0.936	9.29E-4	9.47E-4	9.43E-4	9.57E-4	9.19E-4	9.58E-4	9.26E-4	9.34E-4
0.912	8.55E-4	8.73E-4	8.67E-4	8.71E-4	8.47E-4	8.81E-4	8.57E-4	8.54E-4
0.888	7.87E-4	8.06E-4	7.95E-4	8.02E-4	7.7E-4	8.03E-4	7.83E-4	7.8E-4
0.864	7.2E-4	7.36E-4	7.29E-4	7.38E-4	7.1E-4	7.34E-4	7.18E-4	7.13E-4
0.84	6.62E-4	6.78E-4	6.7E-4	6.8E-4	6.52E-4	6.73E-4	6.63E-4	6.55E-4
0.816	6.04E-4	6.23E-4	6.17E-4	6.23E-4	5.98E-4	6.2E-4	6.02E-4	5.99E-4
0.792	5.57E-4	5.76E-4	5.64E-4	5.69E-4	5.45E-4	5.68E-4	5.56E-4	5.46E-4
0.768	5.11E-4	5.25E-4	5.21E-4	5.23E-4	5.01E-4	5.21E-4	5.1E-4	5.02E-4
0.744	4.66E-4	4.86E-4	4.78E-4	4.8E-4	4.57E-4	4.72E-4	4.66E-4	4.62E-4
0.72	4.28E-4	4.43E-4	4.4E-4	4.4E-4	4.17E-4	4.31E-4	4.28E-4	4.21E-4
0.696	3.9E-4	4.08E-4	4.02E-4	4.06E-4	3.86E-4	3.93E-4	3.88E-4	3.85E-4
0.672	3.56E-4	3.74E-4	3.71E-4	3.68E-4	3.53E-4	3.6E-4	3.56E-4	3.54E-4
0.648	3.27E-4	3.42E-4	3.41E-4	3.37E-4	3.21E-4	3.29E-4	3.24E-4	3.23E-4
0.624	2.97E-4	3.12E-4	3.09E-4	3.13E-4	2.94E-4	2.96E-4	2.93E-4	2.92E-4
0.6	2.73E-4	2.86E-4	2.83E-4	2.83E-4	2.67E-4	2.69E-4	2.67E-4	2.65E-4
0.576	2.47E-4	2.6E-4	2.56E-4	2.59E-4	2.45E-4	2.46E-4	2.42E-4	2.42E-4
0.552	2.26E-4	2.36E-4	2.31E-4	2.35E-4	2.21E-4	2.22E-4	2.2E-4	2.23E-4
0.528	2.06E-4	2.14E-4	2.11E-4	2.12E-4	2.01E-4	2.01E-4	1.99E-4	2.01E-4
0.504	1.86E-4	1.94E-4	1.91E-4	1.89E-4	1.81E-4	1.81E-4	1.81E-4	1.8E-4
0.48	1.68E-4	1.75E-4	1.72E-4	1.72E-4	1.63E-4	1.63E-4	1.62E-4	1.62E-4
0.456	1.5E-4	1.55E-4	1.56E-4	1.56E-4	1.47E-4	1.45E-4	1.47E-4	1.46E-4
0.432	1.34E-4	1.41E-4	1.39E-4	1.41E-4	1.33E-4	1.3E-4	1.31E-4	1.31E-4
0.408	1.21E-4	1.26E-4	1.24E-4	1.26E-4	1.18E-4	1.16E-4	1.17E-4	1.16E-4
0.384	1.07E-4	1.13E-4	1.11E-4	1.11E-4	1.04E-4	1.03E-4	1.04E-4	1.03E-4
0.36	9.5019E-5	9.9722E-5	9.7339E-5	9.8313E-5	9.2492E-5	9.0758E-5	9.2457E-5	9.225E-5
0.336	8.3456E-5	8.8349E-5	8.6149E-5	8.7448E-5	8.0669E-5	7.8387E-5	8.1381E-5	8.1338E-5
0.312	7.4383E-5	7.7885E-5	7.6566E-5	7.6427E-5	7.117E-5	6.9163E-5	7.0696E-5	7.1229E-5
0.288	6.5047E-5	6.8443E-5	6.6701E-5	6.7383E-5	6.1816E-5	6.0797E-5	6.1589E-5	6.2079E-5
0.264	5.6377E-5	6.02E-5	5.8127E-5	5.8376E-5	5.381E-5	5.2437E-5	5.2597E-5	5.3252E-5
0.24	4.8738E-5	5.1574E-5	4.9756E-5	5.0723E-5	4.5295E-5	4.4752E-5	4.4994E-5	4.5457E-5
0.216	4.1552E-5	4.4227E-5	4.2367E-5	4.3554E-5	3.8802E-5	3.8512E-5	3.8768E-5	3.8576E-5
0.192	3.5153E-5	3.7284E-5	3.5709E-5	3.7202E-5	3.2472E-5	3.2396E-5	3.2479E-5	3.2375E-5
0.168	2.8917E-5	3.0114E-5	2.8967E-5	2.9869E-5	2.6788E-5	2.5979E-5	2.5942E-5	2.553E-5
0.144	2.4343E-5	2.534E-5	2.4282E-5	2.4616E-5	2.232E-5	2.1952E-5	2.1761E-5	2.1489E-5
0.12	1.9441E-5	2.0351E-5	1.9711E-5	1.9867E-5	1.8023E-5	1.8107E-5	1.7201E-5	1.7185E-5
0.096	1.5551E-5	1.6122E-5	1.5681E-5	1.5807E-5	1.4047E-5	1.4131E-5	1.4075E-5	1.333E-5
0.072	1.1743E-5	1.2389E-5	1.1807E-5	1.2128E-5	1.0662E-5	1.0754E-5	1.0489E-5	1.0003E-5
0.048	8.562E-6	8.8438E-6	8.5645E-6	8.6875E-6	7.152E-6	7.4906E-6	7.415E-6	7.0845E-6
0.024	5.5572E-6	5.683E-6	5.5056E-6	5.5311E-6	4.5498E-6	4.796E-6	4.7395E-6	4.4775E-6
0	2.5373E-6	2.6022E-6	2.4993E-6	2.5645E-6	2.1367E-6	2.195E-6	2.1873E-6	2.1219E-6
-0.024	4.5292E-7	4.1539E-7	4.5179E-7	4.5256E-7	3.6353E-7	3.5463E-7	3.7732E-7	3.614E-7
-0.048	-2.1605E-6	-2.2475E-6	-2.145E-6	-2.175E-6	-1.8292E-6	-1.907E-6	-1.8995E-6	-1.7885E-6
-0.072	-2.7275E-6	-2.8198E-6	-2.6582E-6	-2.8639E-6	-1.9162E-6	-2.1513E-6	-2.3863E-6	-1.9895E-6
-0.096	-8.0206E-6	-8.2661E-6	-8.0764E-6	-8.2851E-6	-6.8704E-6	-7.1782E-6	-7.0524E-6	-7.0251E-6
-0.12	-1.1316E-5	-1.1724E-5	-1.1273E-5	-1.1617E-5	-9.6065E-6	-1.0247E-5	-1.011E-5	-9.4404E-6
-0.144	-1.4724E-5	-1.5185E-5	-1.471E-5	-1.5013E-5	-1.3059E-5	-1.3662E-5	-1.3686E-5	-1.2633E-5
-0.168	-1.853E-5	-1.9304E-5	-1.8594E-5	-1.9057E-5	-1.6457E-5	-1.6928E-5	-1.7236E-5	-1.6093E-5
-0.192	-2.2602E-5	-2.3549E-5	-2.2894E-5	-2.3283E-5	-2.0569E-5	-2.1456E-5	-2.1168E-5	-1.9917E-5
-0.216	-2.7546E-5	-2.8146E-5	-2.7991E-5	-2.7883E-5	-2.462E-5	-2.602E-5	-2.56E-5	-2.4301E-5
-0.24	-3.3313E-5	-3.3536E-5	-3.3108E-5	-3.3415E-5	-2.9778E-5	-3.0988E-5	-3.0725E-5	-2.94E-5
-0.264	-3.876E-5	-3.9774E-5	-3.9577E-5	-3.9141E-5	-3.559E-5	-3.7453E-5	-3.6541E-5	-3.5517E-5
-0.288	-4.5335E-5	-4.6163E-5	-4.6094E-5	-4.5952E-5	-4.1604E-5	-4.3402E-5	-4.3158E-5	-4.157E-5
-0.312	-5.2022E-5	-5.412E-5	-5.3097E-5	-5.3526E-5	-4.8013E-5	-5.0289E-5	-4.9832E-5	-4.8271E-5
-0.336	-6.0129E-5	-6.2031E-5	-6.1621E-5	-6.1082E-5	-5.556E-5	-5.832E-5	-5.6832E-5	-5.551E-5
-0.36	-6.8909E-5	-7.0266E-5	-6.9949E-5	-7.0586E-5	-6.4575E-5	-6.6555E-5	-6.5197E-5	-6.3958E-5
-0.384	-7.7335E-5	-8.0379E-5	-7.9525E-5	-8.0143E-5	-7.3167E-5	-7.5692E-5	-7.2901E-5	-7.3048E-5
-0.408	-8.8206E-5	-9.1097E-5	-9.0453E-5	-9.0434E-5	-8.3654E-5	-8.6529E-5	-8.3357E-5	-8.3334E-5
-0.432	-9.9749E-5	-1.02E-4	-1.03E-4	-1.03E-4	-9.4405E-5	-9.7006E-5	-9.5328E-5	-9.4489E-5
-0.456	-1.12E-4	-1.16E-4	-1.16E-4	-1.15E-4	-1.06E-4	-1.09E-4	-1.07E-4	-1.08E-4
-0.48	-1.27E-4	-1.32E-4	-1.29E-4	-1.3E-4	-1.21E-4	-1.23E-4	-1.22E-4	-1.22E-4
-0.504	-1.43E-4	-1.47E-4	-1.47E-4	-1.46E-4	-1.35E-4	-1.41E-4	-1.38E-4	-1.36E-4
-0.528	-1.64E-4	-1.69E-4	-1.65E-4	-1.65E-4	-1.54E-4	-1.6E-4	-1.55E-4	-1.54E-4
-0.552	-1.86E-4	-1.91E-4	-1.85E-4	-1.87E-4	-1.75E-4	-1.8E-4	-1.74E-4	-1.71E-4
-0.576	-2.12E-4	-2.15E-4	-2.07E-4	-2.11E-4	-1.95E-4	-2.03E-4	-1.95E-4	-1.92E-4
-0.6	-2.44E-4	-2.45E-4	-2.34E-4	-2.41E-4	-2.2E-4	-2.26E-4	-2.22E-4	-2.15E-4
-0.624	-2.77E-4	-2.74E-4	-2.64E-4	-2.72E-4	-2.5E-4	-2.54E-4	-2.47E-4	-2.41E-4
-0.648	-3.18E-4	-3.12E-4	-2.98E-4	-3.05E-4	-2.83E-4	-2.89E-4	-2.77E-4	-2.71E-4
-0.672	-3.61E-4	-3.58E-4	-3.39E-4	-3.47E-4	-3.2E-4	-3.28E-4	-3.16E-4	-3.08E-4
-0.696	-4.1E-4	-4.08E-4	-3.88E-4	-3.91E-4	-3.59E-4	-3.73E-4	-3.56E-4	-3.51E-4
-0.72	-4.73E-4	-4.68E-4	-4.41E-4	-4.44E-4	-4.1E-4	-4.19E-4	-4.02E-4	-3.97E-4
-0.744	-5.48E-4	-5.38E-4	-5.03E-4	-5.07E-4	-4.66E-4	-4.71E-4	-4.59E-4	-4.46E-4
-0.768	-6.33E-4	-6.24E-4	-5.77E-4	-5.9E-4	-5.32E-4	-5.35E-4	-5.19E-4	-5.08E-4
-0.792	-7.32E-4	-7.15E-4	-6.59E-4	-6.72E-4	-6.07E-4	-6.09E-4	-5.9E-4	-5.74E-4
-0.816	-8.54E-4	-8.35E-4	-7.64E-4	-7.67E-4	-6.94E-4	-6.9E-4	-6.73E-4	-6.55E-4
-0.84	-9.94E-4	-9.64E-4	-8.77E-4	-8.76E-4	-7.94E-4	-7.95E-4	-7.68E-4	-7.44E-4
-0.864	-0.00116	-0.00113	-0.00103	-0.00101	-9.13E-4	-9.08E-4	-8.8E-4	-8.52E-4
-0.888	-0.00135	-0.00131	-0.00118	-0.00117	-0.00105	-0.00104	-0.00101	-9.79E-4
-0.912	-0.00157	-0.00151	-0.00138	-0.00135	-0.00121	-0.0012	-0.00116	-0.00113
-0.936	-0.00183	-0.00177	-0.00159	-0.00156	-0.0014	-0.00138	-0.00133	-0.0013
-0.96	-0.00213	-0.00206	-0.00186	-0.00182	-0.00162	-0.0016	-0.00154	-0.0015
-0.984	-0.00248	-0.00239	-0.00217	-0.00211	-0.00188	-0.00185	-0.00178	-0.00173
-1.008	-0.00333	-0.00326	-0.00299	-0.00287	-0.00258	-0.0025	-0.00241	-0.00234
-0.984	-0.00327	-0.00323	-0.00298	-0.00285	-0.00257	-0.00249	-0.0024	-0.00232
-0.96	-0.0028	-0.00279	-0.00257	-0.00247	-0.00222	-0.00216	-0.00208	-0.00202
-0.936	-0.00241	-0.0024	-0.00222	-0.00214	-0.00193	-0.00187	-0.00181	-0.00175
-0.912	-0.00209	-0.00208	-0.00192	-0.00186	-0.00168	-0.00164	-0.00158	-0.00153
-0.888	-0.0018	-0.0018	-0.00166	-0.00162	-0.00145	-0.00142	-0.00137	-0.00134
-0.864	-0.00156	-0.00155	-0.00144	-0.0014	-0.00127	-0.00124	-0.0012	-0.00117
-0.84	-0.00135	-0.00134	-0.00126	-0.00122	-0.00111	-0.00108	-0.00104	-0.00102
-0.816	-0.00117	-0.00116	-0.00109	-0.00107	-9.65E-4	-9.44E-4	-9.14E-4	-8.93E-4
-0.792	-0.00101	-0.00101	-9.42E-4	-9.29E-4	-8.45E-4	-8.28E-4	-8.03E-4	-7.86E-4
-0.768	-8.78E-4	-8.82E-4	-8.26E-4	-8.15E-4	-7.46E-4	-7.29E-4	-7.09E-4	-6.89E-4
-0.744	-7.64E-4	-7.67E-4	-7.26E-4	-7.19E-4	-6.53E-4	-6.45E-4	-6.23E-4	-6.06E-4
-0.72	-6.63E-4	-6.62E-4	-6.37E-4	-6.29E-4	-5.73E-4	-5.66E-4	-5.49E-4	-5.4E-4
-0.696	-5.79E-4	-5.78E-4	-5.56E-4	-5.52E-4	-5.04E-4	-4.99E-4	-4.85E-4	-4.73E-4
-0.672	-5.06E-4	-5.05E-4	-4.87E-4	-4.86E-4	-4.46E-4	-4.43E-4	-4.27E-4	-4.2E-4
-0.648	-4.37E-4	-4.38E-4	-4.32E-4	-4.32E-4	-3.89E-4	-3.95E-4	-3.82E-4	-3.76E-4
-0.624	-3.84E-4	-3.83E-4	-3.79E-4	-3.83E-4	-3.45E-4	-3.49E-4	-3.39E-4	-3.32E-4
-0.6	-3.33E-4	-3.37E-4	-3.34E-4	-3.38E-4	-3.06E-4	-3.11E-4	-3E-4	-2.94E-4
-0.576	-2.9E-4	-2.99E-4	-2.92E-4	-2.94E-4	-2.73E-4	-2.75E-4	-2.64E-4	-2.6E-4
-0.552	-2.58E-4	-2.61E-4	-2.6E-4	-2.59E-4	-2.43E-4	-2.45E-4	-2.34E-4	-2.32E-4
-0.528	-2.26E-4	-2.31E-4	-2.28E-4	-2.32E-4	-2.13E-4	-2.17E-4	-2.08E-4	-2.07E-4
-0.504	-2.01E-4	-2.04E-4	-2E-4	-2.07E-4	-1.9E-4	-1.93E-4	-1.85E-4	-1.85E-4
-0.48	-1.75E-4	-1.81E-4	-1.77E-4	-1.83E-4	-1.7E-4	-1.7E-4	-1.64E-4	-1.65E-4
-0.456	-1.56E-4	-1.61E-4	-1.57E-4	-1.61E-4	-1.48E-4	-1.52E-4	-1.46E-4	-1.46E-4
-0.432	-1.36E-4	-1.42E-4	-1.4E-4	-1.42E-4	-1.33E-4	-1.35E-4	-1.29E-4	-1.29E-4
-0.408	-1.2E-4	-1.24E-4	-1.24E-4	-1.26E-4	-1.17E-4	-1.18E-4	-1.14E-4	-1.13E-4
-0.384	-1.06E-4	-1.11E-4	-1.09E-4	-1.1E-4	-1.01E-4	-1.04E-4	-1.01E-4	-9.9349E-5
-0.36	-9.3375E-5	-9.8033E-5	-9.5929E-5	-9.7207E-5	-8.9286E-5	-9.1754E-5	-8.8506E-5	-8.7669E-5
-0.336	-8.1994E-5	-8.5727E-5	-8.408E-5	-8.55E-5	-7.8789E-5	-7.8696E-5	-7.785E-5	-7.7359E-5
-0.312	-7.194E-5	-7.5401E-5	-7.4259E-5	-7.4817E-5	-7.0097E-5	-6.9709E-5	-6.8078E-5	-6.7389E-5
-0.288	-6.2163E-5	-6.4872E-5	-6.4339E-5	-6.5918E-5	-6.0349E-5	-6.0283E-5	-5.8756E-5	-5.7604E-5
-0.264	-5.4277E-5	-5.6631E-5	-5.5976E-5	-5.6298E-5	-5.1627E-5	-5.1609E-5	-5.0619E-5	-5.0119E-5
-0.24	-4.6689E-5	-4.8706E-5	-4.8006E-5	-4.8577E-5	-4.4525E-5	-4.4522E-5	-4.3418E-5	-4.2817E-5
-0.216	-3.965E-5	-4.1287E-5	-4.2164E-5	-4.1228E-5	-3.7953E-5	-3.8024E-5	-3.7132E-5	-3.6755E-5
-0.192	-3.3288E-5	-3.4951E-5	-3.5234E-5	-3.4976E-5	-3.2203E-5	-3.2032E-5	-3.1259E-5	-3.0115E-5
-0.168	-2.7261E-5	-2.9316E-5	-2.8727E-5	-2.8176E-5	-2.6286E-5	-2.5568E-5	-2.6118E-5	-2.5429E-5
-0.144	-2.3199E-5	-2.4223E-5	-2.4326E-5	-2.3679E-5	-2.2271E-5	-2.1797E-5	-2.147E-5	-2.0861E-5
-0.12	-1.8812E-5	-1.989E-5	-1.9943E-5	-1.9003E-5	-1.7915E-5	-1.7735E-5	-1.7226E-5	-1.6632E-5
-0.096	-1.4962E-5	-1.5732E-5	-1.575E-5	-1.5128E-5	-1.3879E-5	-1.3934E-5	-1.3461E-5	-1.3239E-5
-0.072	-1.1295E-5	-1.1925E-5	-1.214E-5	-1.1556E-5	-1.0751E-5	-1.0514E-5	-1.0071E-5	-9.9543E-6
-0.048	-8.1611E-6	-8.6841E-6	-8.7065E-6	-8.3194E-6	-7.8171E-6	-7.4952E-6	-7.1315E-6	-6.903E-6
-0.024	-5.4282E-6	-5.7265E-6	-5.6393E-6	-5.426E-6	-5.0018E-6	-4.6371E-6	-4.6494E-6	-4.4629E-6
0	-2.5111E-6	-2.6129E-6	-2.6542E-6	-2.5114E-6	-2.2958E-6	-2.2526E-6	-2.1537E-6	-2.0826E-6