0	-5.09885E-8	-3.66485E-8	-1.69512E-7	-4.2055E-9	-6.7723E-8	-3.3544E-7	-2.82945E-7	-2.6204E-7	-7.7606E-8	-1.2008E-7
0.02	9.93935E-6	8.9071E-6	7.10905E-6	7.8829E-6	7.5325E-6	2.2682E-5	2.1311E-5	1.4847E-5	9.018E-6	1.07587E-5
0.04	2.10595E-5	1.85485E-5	1.35455E-5	1.5781E-5	1.5514E-5	4.4508E-5	4.41485E-5	3.60535E-5	1.816E-5	2.2711E-5
0.06	3.2323E-5	2.76285E-5	2.07805E-5	2.60755E-5	2.4704E-5	6.6052E-5	6.61305E-5	4.5431E-5	2.83205E-5	2.74045E-5
0.08	3.54095E-5	3.54045E-5	2.8916E-5	3.3017E-5	3.3422E-5	1.0078E-4	1.05595E-4	5.5741E-5	3.3711E-5	2.97115E-5
0.1	5.3282E-5	5.2898E-5	3.26945E-5	4.6956E-5	4.7418E-5	9.1583E-5	1.15607E-4	7.40995E-5	6.3122E-5	5.85495E-5
0.12	7.10685E-5	6.5031E-5	4.9609E-5	6.7271E-5	7.0904E-5	9.4931E-5	1.3315E-4	9.10955E-5	8.1439E-5	5.33015E-5
0.14	8.7559E-5	7.84655E-5	5.54755E-5	8.2125E-5	8.4828E-5	1.0932E-4	1.5061E-4	1.13155E-4	6.84675E-5	6.6908E-5
0.16	1.0301E-4	9.30195E-5	6.74005E-5	9.635E-5	9.4751E-5	1.3119E-4	1.56795E-4	1.56795E-4	8.70815E-5	7.50825E-5
0.18	1.1996E-4	1.0728E-4	8.0628E-5	1.12965E-4	1.0454E-4	2.5596E-4	2.6212E-4	1.6295E-4	9.47275E-5	8.7548E-5
0.2	1.51425E-4	1.42215E-4	9.6839E-5	1.2439E-4	1.2822E-4	2.5461E-4	2.3726E-4	1.97755E-4	1.1145E-4	9.7825E-5
0.22	1.6227E-4	1.61355E-4	1.24605E-4	1.491E-4	1.4439E-4	2.3611E-4	2.97275E-4	1.8811E-4	1.2964E-4	1.2817E-4
0.24	1.9326E-4	1.6886E-4	1.2653E-4	1.80315E-4	1.628E-4	3.1205E-4	3.51645E-4	2.77E-4	1.7005E-4	1.2549E-4
0.26	2.0072E-4	2.08985E-4	1.5036E-4	1.67235E-4	1.4643E-4	3.1061E-4	3.6773E-4	3.4214E-4	1.66715E-4	1.497E-4
0.28	2.24355E-4	2.1885E-4	1.65655E-4	1.9974E-4	1.7905E-4	4.1914E-4	4.59075E-4	3.3482E-4	1.8085E-4	1.59505E-4
0.3	2.5062E-4	2.3864E-4	1.936E-4	2.5173E-4	1.9389E-4	3.8833E-4	4.45615E-4	3.28815E-4	1.942E-4	2.3355E-4
0.32	2.66235E-4	2.61865E-4	2.0646E-4	2.6412E-4	2.5857E-4	6.8845E-4	6.25025E-4	4.09105E-4	2.2083E-4	2.4503E-4
0.34	2.9441E-4	2.9477E-4	2.39375E-4	2.8401E-4	2.8814E-4	6.7904E-4	6.67605E-4	4.36515E-4	2.5486E-4	2.98095E-4
0.36	3.5006E-4	3.0713E-4	2.5209E-4	3.3031E-4	3.264E-4	7.3689E-4	7.22985E-4	5.1832E-4	2.9435E-4	2.9801E-4
0.38	3.92165E-4	3.76365E-4	2.82115E-4	3.5722E-4	3.7173E-4	8.9668E-4	8.0381E-4	5.5115E-4	3.20075E-4	3.1753E-4
0.4	4.18825E-4	3.9769E-4	3.09535E-4	4.4607E-4	4.2116E-4	6.6618E-4	7.5317E-4	7.36215E-4	3.4305E-4	3.7433E-4
0.42	4.35095E-4	4.1585E-4	3.3292E-4	5.05445E-4	4.6082E-4	7.7155E-4	8.12765E-4	6.1767E-4	3.79165E-4	3.911E-4
0.44	4.6534E-4	4.61635E-4	3.70275E-4	5.4434E-4	5.2199E-4	0.00104	8.87335E-4	8.0655E-4	4.1227E-4	4.41635E-4
0.46	5.19415E-4	5.1119E-4	3.9893E-4	5.6486E-4	5.6313E-4	0.00113	0.00105	7.438E-4	4.4554E-4	4.80305E-4
0.48	5.3282E-4	5.5741E-4	4.38215E-4	6.06305E-4	6.0011E-4	9.3833E-4	0.001	8.07245E-4	4.61495E-4	5.04755E-4
0.5	5.90015E-4	6.10675E-4	4.60975E-4	6.75085E-4	6.4351E-4	0.0012	0.0011	8.69775E-4	5.2942E-4	5.58535E-4
0.52	6.39555E-4	6.46025E-4	5.05765E-4	7.50435E-4	7.6095E-4	0.00143	0.00124	9.63915E-4	5.56445E-4	5.7688E-4
0.54	6.9353E-4	6.9259E-4	5.53285E-4	7.98075E-4	8.3761E-4	0.00117	0.0012	9.5867E-4	6.0913E-4	6.4308E-4
0.56	7.51595E-4	7.85265E-4	6.08495E-4	8.09595E-4	7.9878E-4	0.00149	0.00141	0.00103	6.22855E-4	6.8183E-4
0.58	7.9617E-4	8.22075E-4	6.6776E-4	8.9734E-4	8.352E-4	0.00142	0.00142	0.00112	6.83225E-4	7.29705E-4
0.6	8.7E-4	8.98015E-4	7.0196E-4	9.86585E-4	9.2317E-4	0.00177	0.0017	0.00128	7.5114E-4	7.80015E-4
0.62	9.2599E-4	9.74095E-4	7.57945E-4	0.0011	0.00107	0.00163	0.0016	0.00133	7.96425E-4	8.26895E-4
0.64	9.46235E-4	0.00103	7.5686E-4	0.00113	0.00111	0.00215	0.00191	0.00136	9.3679E-4	8.53585E-4
0.66	0.00112	0.00111	8.91595E-4	0.00128	0.00122	0.00195	0.00178	0.00144	0.00101	9.5326E-4
0.68	0.0011	0.0012	9.47425E-4	0.00132	0.00124	0.00238	0.00218	0.0017	0.00104	0.00103
0.7	0.00113	0.00119	0.00103	0.00141	0.00134	0.00215	0.00193	0.00185	0.00113	0.00109
0.72	0.00118	0.00123	0.00112	0.00145	0.00134	0.00266	0.00231	0.00181	0.00115	0.00113
0.74	0.00129	0.00132	0.0012	0.00153	0.00142	0.00273	0.00253	0.00186	0.00113	0.00131
0.76	0.00138	0.00138	0.00123	0.00172	0.00169	0.0028	0.00262	0.00207	0.00122	0.00134
0.78	0.00152	0.00145	0.00124	0.00169	0.00168	0.00291	0.0026	0.00234	0.00125	0.00141
0.8	0.00161	0.00152	0.00135	0.00182	0.0018	0.0026	0.00256	0.00215	0.00128	0.00159
0.82	0.00165	0.00169	0.00148	0.00204	0.00192	0.00319	0.00308	0.00245	0.00142	0.00165
0.84	0.00178	0.00172	0.00154	0.00211	0.00195	0.00277	0.003	0.00235	0.00153	0.00173
0.86	0.00191	0.00177	0.0016	0.00229	0.00199	0.00297	0.00315	0.00255	0.00161	0.00184
0.88	0.00195	0.00201	0.00166	0.00244	0.00218	0.00292	0.00314	0.0026	0.00176	0.00194
0.9	0.00198	0.00214	0.00174	0.00248	0.00221	0.00322	0.00348	0.00283	0.0018	0.00199
0.92	0.00214	0.00234	0.00181	0.00267	0.00242	0.00416	0.004	0.00302	0.00189	0.00208
0.94	0.00229	0.00246	0.0019	0.00284	0.00252	0.00423	0.00415	0.00319	0.00193	0.00226
0.96	0.00218	0.00255	0.002	0.00301	0.00274	0.00424	0.00407	0.0032	0.00221	0.00229
0.98	0.00232	0.00264	0.00212	0.00306	0.00266	0.00409	0.00422	0.00332	0.00228	0.00245
1	0.0025	0.0028	0.00218	0.00303	0.00273	0.00406	0.00423	0.00348	0.00257	0.0026
0.98	0.00246	0.00272	0.0021	0.00291	0.00271	0.00399	0.0039	0.00333	0.00259	0.00248
0.96	0.0023	0.00248	0.00198	0.00285	0.00242	0.0034	0.00364	0.00325	0.00246	0.00237
0.94	0.00222	0.00228	0.00195	0.00255	0.00239	0.00334	0.00353	0.00319	0.0022	0.00225
0.92	0.002	0.00224	0.00184	0.00254	0.00232	0.00326	0.00347	0.00323	0.00202	0.00202
0.9	0.00201	0.00209	0.00179	0.0023	0.00215	0.00329	0.00341	0.00303	0.00198	0.00192
0.88	0.00186	0.00203	0.00169	0.00216	0.00201	0.00293	0.0031	0.00274	0.00171	0.00178
0.86	0.00183	0.00191	0.00158	0.00209	0.00196	0.00302	0.00317	0.0027	0.00167	0.00169
0.84	0.00169	0.00169	0.00146	0.00197	0.00195	0.00287	0.00325	0.00264	0.00149	0.00162
0.82	0.0016	0.00161	0.00135	0.00184	0.0018	0.00245	0.00281	0.00226	0.00148	0.00157
0.8	0.0015	0.00154	0.00129	0.00185	0.00176	0.00281	0.0027	0.00231	0.00136	0.00143
0.78	0.00137	0.00152	0.00118	0.00175	0.00165	0.00233	0.00252	0.00203	0.00129	0.00135
0.76	0.00133	0.00143	0.00108	0.00161	0.00159	0.00257	0.00261	0.00194	0.00118	0.00126
0.74	0.00126	0.0014	0.00103	0.00163	0.00158	0.00197	0.00229	0.00193	0.00118	0.00116
0.72	0.00125	0.00137	9.73125E-4	0.00145	0.00142	0.0022	0.0024	0.00207	0.00109	0.0012
0.7	0.00112	0.00129	9.0675E-4	0.00137	0.00128	0.00184	0.00189	0.00165	9.90595E-4	0.00112
0.68	0.00109	0.00121	8.7727E-4	0.00136	0.00123	0.00177	0.00198	0.00154	9.2756E-4	0.00105
0.66	9.68225E-4	0.00106	7.97235E-4	0.00129	0.00117	0.00193	0.00199	0.0014	8.7582E-4	9.94385E-4
0.64	9.27135E-4	0.00108	7.65185E-4	0.00118	0.00112	0.00181	0.00178	0.00144	8.42105E-4	9.02025E-4
0.62	8.9074E-4	0.00103	7.2303E-4	0.00104	9.5179E-4	0.00154	0.00161	0.00135	7.95375E-4	8.03095E-4
0.6	8.48425E-4	9.1874E-4	6.6589E-4	9.5039E-4	9.028E-4	0.00143	0.00148	0.00132	7.33675E-4	7.43915E-4
0.58	8.44295E-4	7.96175E-4	6.0228E-4	8.07615E-4	8.5786E-4	0.00131	0.00145	0.00122	6.9016E-4	7.59225E-4
0.56	7.68215E-4	7.36455E-4	5.79255E-4	7.7771E-4	8.2094E-4	0.00115	0.00133	0.00106	6.29065E-4	7.4287E-4
0.54	7.42345E-4	7.37535E-4	5.49935E-4	7.2239E-4	7.7477E-4	0.0011	0.00126	9.82525E-4	5.70835E-4	6.2582E-4
0.52	6.6924E-4	6.83215E-4	5.05345E-4	7.1018E-4	7.6217E-4	0.00137	0.00127	9.33715E-4	5.4218E-4	5.75885E-4
0.5	6.08545E-4	6.35055E-4	4.4173E-4	6.30045E-4	6.6898E-4	9.9676E-4	0.00109	9.87905E-4	5.6695E-4	4.83935E-4
0.48	5.7297E-4	5.8183E-4	3.9879E-4	5.5144E-4	6.0178E-4	9.8683E-4	9.98415E-4	8.36875E-4	5.2128E-4	5.2049E-4
0.46	5.63405E-4	5.7098E-4	3.70745E-4	5.45035E-4	5.5992E-4	9.73E-4	9.62175E-4	7.1377E-4	4.79205E-4	4.84565E-4
0.44	5.2657E-4	5.1799E-4	3.3395E-4	5.2422E-4	5.1887E-4	8.8737E-4	9.4356E-4	6.5745E-4	4.902E-4	4.5079E-4
0.42	4.9156E-4	4.5454E-4	3.13055E-4	5.0081E-4	4.8569E-4	7.2365E-4	8.66825E-4	6.3913E-4	4.37695E-4	4.14525E-4
0.4	4.38335E-4	4.4602E-4	2.933E-4	4.34145E-4	4.2386E-4	7.0998E-4	8.1076E-4	5.53935E-4	4.1611E-4	3.995E-4
0.38	3.7801E-4	3.81535E-4	2.632E-4	3.7518E-4	3.778E-4	6.6846E-4	7.3498E-4	5.1443E-4	3.9064E-4	3.43525E-4
0.36	3.51605E-4	3.7676E-4	2.18985E-4	3.42735E-4	3.3065E-4	8.2176E-4	7.4638E-4	5.3687E-4	2.6514E-4	3.18325E-4
0.34	3.12765E-4	3.2161E-4	1.9538E-4	3.23655E-4	2.9242E-4	5.8899E-4	6.1996E-4	4.6843E-4	2.53385E-4	2.9509E-4
0.32	2.30045E-4	2.6665E-4	1.83845E-4	2.5311E-4	2.4451E-4	3.8343E-4	5.18915E-4	5.07865E-4	2.21335E-4	2.5566E-4
0.3	2.20965E-4	2.4822E-4	1.4984E-4	2.38815E-4	2.3339E-4	3.8572E-4	4.3772E-4	3.8945E-4	1.86675E-4	1.97905E-4
0.28	1.99355E-4	2.20165E-4	1.5201E-4	2.16955E-4	2.0493E-4	3.9362E-4	3.81875E-4	4.49845E-4	1.7627E-4	1.836E-4
0.26	1.70135E-4	2.06735E-4	1.42415E-4	1.88705E-4	1.7975E-4	3.0251E-4	3.90165E-4	3.1243E-4	2.05035E-4	1.6044E-4
0.24	1.4943E-4	1.6206E-4	1.07305E-4	1.8315E-4	1.6553E-4	2.164E-4	3.19395E-4	2.7268E-4	1.89545E-4	1.508E-4
0.22	1.3432E-4	1.45705E-4	9.66395E-5	1.5716E-4	1.4958E-4	2.3679E-4	2.9739E-4	2.63985E-4	1.7092E-4	1.3034E-4
0.2	1.171E-4	1.3029E-4	8.2078E-5	1.2119E-4	1.1118E-4	2.138E-4	2.8488E-4	1.7814E-4	1.3683E-4	1.21295E-4
0.18	1.01687E-4	1.07239E-4	7.8021E-5	1.01777E-4	9.8864E-5	1.763E-4	2.11995E-4	1.5158E-4	9.29535E-5	1.05385E-4
0.16	8.963E-5	9.15475E-5	6.3593E-5	8.97675E-5	8.2475E-5	2.6881E-4	2.4807E-4	1.35615E-4	1.09056E-4	8.88705E-5
0.14	7.1302E-5	7.83835E-5	5.60835E-5	7.22185E-5	7.1904E-5	3.5693E-4	2.81495E-4	1.07156E-4	9.942E-5	7.58685E-5
0.12	6.07735E-5	6.458E-5	4.8316E-5	5.65645E-5	5.5243E-5	1.4361E-4	1.72335E-4	9.4202E-5	7.7117E-5	6.46705E-5
0.1	4.70685E-5	4.8796E-5	3.93645E-5	4.19925E-5	4.062E-5	1.7887E-4	1.65595E-4	8.1455E-5	6.4811E-5	5.1456E-5
0.08	3.37495E-5	3.73425E-5	2.4823E-5	3.6531E-5	3.609E-5	1.0491E-4	1.2704E-4	5.7162E-5	5.22005E-5	3.7621E-5
0.06	2.28995E-5	2.2892E-5	1.9442E-5	2.2967E-5	2.3761E-5	7.0828E-5	8.31845E-5	4.93145E-5	3.65255E-5	2.8801E-5
0.04	1.6461E-5	1.4896E-5	1.17195E-5	1.62E-5	1.6548E-5	4.3503E-5	5.32895E-5	3.47655E-5	2.2637E-5	2.3595E-5
0.02	8.009E-6	7.44385E-6	5.17755E-6	7.48855E-6	6.7871E-6	2.1477E-5	2.22205E-5	2.11515E-5	1.22587E-5	1.27775E-5
0	-1.73245E-7	-1.809E-7	-3.7924E-7	-3.27825E-7	-3.9838E-7	9.2244E-7	1.40332E-6	9.9823E-7	-9.7766E-8	2.069E-7
-0.02	-8.55705E-6	-8.18735E-6	-6.339E-6	-7.46665E-6	-7.7846E-6	-2.2355E-5	-2.22615E-5	-1.9044E-5	-1.04622E-5	-1.3018E-5
-0.04	-1.76925E-5	-1.68025E-5	-1.263E-5	-1.3554E-5	-1.4332E-5	-2.6671E-5	-2.74215E-5	-2.4646E-5	-2.18935E-5	-2.66345E-5
-0.06	-2.94985E-5	-2.524E-5	-1.8287E-5	-2.19195E-5	-2.235E-5	-7.52E-5	-8.96E-5	-5.3203E-5	-3.24515E-5	-2.68735E-5
-0.08	-2.34545E-5	-3.51735E-5	-2.4617E-5	-2.84595E-5	-2.8275E-5	-6.297E-5	-9.474E-5	-8.4607E-5	-3.72905E-5	-6.13675E-5
-0.1	-4.8219E-5	-3.50645E-5	-3.084E-5	-2.419E-5	-1.3911E-5	-7.0133E-5	-1.13827E-4	-9.7367E-5	-6.68645E-5	-7.2328E-5
-0.12	-6.76E-5	-6.47835E-5	-2.6667E-5	-5.18815E-5	-5.1229E-5	-1.1782E-4	-1.3693E-4	-1.21194E-4	-8.4257E-5	-8.4325E-5
-0.14	-6.14795E-5	-6.883E-5	-5.1745E-5	-6.0315E-5	-5.8765E-5	-1.5124E-4	-1.4211E-4	-1.63595E-4	-9.8199E-5	-9.1142E-5
-0.16	-7.9332E-5	-8.29485E-5	-6.22695E-5	-6.7582E-5	-7.3134E-5	-1.7882E-4	-1.89855E-4	-2.02075E-4	-1.1051E-4	-1.06162E-4
-0.18	-9.33335E-5	-1.00334E-4	-6.91885E-5	-8.556E-5	-8.7766E-5	-2.0133E-4	-2.30865E-4	-2.11435E-4	-1.3188E-4	-1.1904E-4
-0.2	-9.9267E-5	-1.10825E-4	-8.1585E-5	-9.5022E-5	-1.0112E-4	-2.5948E-4	-2.8809E-4	-2.56425E-4	-1.57605E-4	-1.56675E-4
-0.22	-1.12475E-4	-1.23755E-4	-9.4259E-5	-1.09125E-4	-1.0693E-4	-2.6367E-4	-3.3328E-4	-3.19275E-4	-1.7432E-4	-1.7106E-4
-0.24	-1.2931E-4	-1.4858E-4	-1.09465E-4	-1.3253E-4	-1.3278E-4	-3.0264E-4	-4.1663E-4	-3.65825E-4	-2.05705E-4	-1.9599E-4
-0.26	-1.39925E-4	-1.57275E-4	-1.2694E-4	-1.47645E-4	-1.3648E-4	-3.342E-4	-4.52605E-4	-3.97385E-4	-2.25095E-4	-2.2246E-4
-0.28	-1.5133E-4	-1.9431E-4	-1.3371E-4	-1.68205E-4	-1.5578E-4	-3.4368E-4	-4.9191E-4	-3.92145E-4	-2.4691E-4	-2.6317E-4
-0.3	-1.78415E-4	-2.12795E-4	-1.59655E-4	-1.90805E-4	-1.6716E-4	-4.1704E-4	-5.0944E-4	-4.59955E-4	-2.6985E-4	-2.5589E-4
-0.32	-1.90255E-4	-2.3884E-4	-1.7581E-4	-2.236E-4	-2.1252E-4	-4.5382E-4	-5.52665E-4	-5.2356E-4	-2.8342E-4	-3.05005E-4
-0.34	-2.2212E-4	-2.58065E-4	-2.1498E-4	-2.68465E-4	-2.5507E-4	-5.4345E-4	-5.8288E-4	-5.8883E-4	-3.43685E-4	-3.2587E-4
-0.36	-2.30325E-4	-2.99515E-4	-2.2397E-4	-2.7276E-4	-2.5382E-4	-5.6569E-4	-6.1772E-4	-6.85025E-4	-3.90605E-4	-3.81035E-4
-0.38	-2.49885E-4	-3.1978E-4	-2.41015E-4	-3.07395E-4	-2.8725E-4	-6.0237E-4	-6.4135E-4	-7.13225E-4	-4.2961E-4	-3.96445E-4
-0.4	-2.7817E-4	-3.7116E-4	-2.5752E-4	-3.2907E-4	-3.0304E-4	-7.0534E-4	-7.2413E-4	-7.7823E-4	-4.35045E-4	-4.5971E-4
-0.42	-3.0558E-4	-4.10075E-4	-2.7313E-4	-3.50525E-4	-3.3892E-4	-7.3143E-4	-7.506E-4	-8.437E-4	-4.8581E-4	-4.7013E-4
-0.44	-3.3044E-4	-4.48645E-4	-2.99785E-4	-4.01535E-4	-4.0524E-4	-8.3952E-4	-8.4449E-4	-9.298E-4	-5.3183E-4	-5.01365E-4
-0.46	-3.56015E-4	-4.6338E-4	-3.23205E-4	-3.975E-4	-3.89E-4	-8.4577E-4	-9.02965E-4	-9.50055E-4	-5.43545E-4	-5.45635E-4
-0.48	-3.8324E-4	-4.8948E-4	-3.62E-4	-4.5376E-4	-4.1732E-4	-0.00103	-0.00104	-9.52965E-4	-6.18365E-4	-5.9364E-4
-0.5	-4.26275E-4	-5.43895E-4	-3.86825E-4	-4.7213E-4	-4.5186E-4	-9.2824E-4	-0.001	-0.00105	-6.4678E-4	-6.3277E-4
-0.52	-4.792E-4	-5.87985E-4	-4.06505E-4	-5.0275E-4	-4.7074E-4	-0.00101	-0.00105	-0.00113	-7.1151E-4	-6.49285E-4
-0.54	-5.2299E-4	-6.58785E-4	-4.4076E-4	-5.3653E-4	-5.2175E-4	-0.00122	-0.00125	-0.00118	-7.39755E-4	-6.97815E-4
-0.56	-5.18635E-4	-6.91575E-4	-4.78065E-4	-6.045E-4	-5.8799E-4	-0.00117	-0.00129	-0.00128	-7.9781E-4	-7.7871E-4
-0.58	-5.65225E-4	-7.68935E-4	-5.2612E-4	-6.50495E-4	-6.4228E-4	-0.00126	-0.00124	-0.00128	-7.90755E-4	-7.69615E-4
-0.6	-6.0711E-4	-8.285E-4	-5.39795E-4	-7.2196E-4	-7.0739E-4	-0.00134	-0.00125	-0.00142	-8.52515E-4	-8.87745E-4
-0.62	-6.4118E-4	-8.70895E-4	-5.70715E-4	-7.1054E-4	-7.2405E-4	-0.00139	-0.00152	-0.00148	-9.2193E-4	-9.3601E-4
-0.64	-6.86965E-4	-9.328E-4	-6.29245E-4	-8.4242E-4	-8.6828E-4	-0.00149	-0.00156	-0.00155	-0.00102	-9.72815E-4
-0.66	-7.36195E-4	-9.75315E-4	-7.4065E-4	-8.4778E-4	-8.0723E-4	-0.0015	-0.00154	-0.00171	-0.00103	-0.00107
-0.68	-8.01305E-4	-9.924E-4	-7.8644E-4	-8.5428E-4	-7.5672E-4	-0.00157	-0.00167	-0.0019	-0.00109	-0.0011
-0.7	-8.45105E-4	-0.00111	-8.5085E-4	-9.0857E-4	-8.4152E-4	-0.00171	-0.00185	-0.00192	-0.00113	-0.00119
-0.72	-8.83815E-4	-0.00124	-8.9886E-4	-9.8698E-4	-9.4396E-4	-0.0019	-0.00212	-0.00196	-0.00119	-0.00121
-0.74	-9.18045E-4	-0.00122	-9.38325E-4	-0.00106	-0.00101	-0.00182	-0.00196	-0.00206	-0.00123	-0.00126
-0.76	-9.7594E-4	-0.00124	-9.7112E-4	-0.00115	-0.00113	-0.00198	-0.00207	-0.00222	-0.00134	-0.0013
-0.78	-0.00104	-0.00147	-0.00105	-0.0012	-0.00119	-0.00232	-0.00234	-0.0023	-0.00143	-0.00138
-0.8	-0.00126	-0.00148	-0.00113	-0.00127	-0.00124	-0.00249	-0.00249	-0.00252	-0.00137	-0.00147
-0.82	-0.00118	-0.00156	-0.00118	-0.00136	-0.00132	-0.00272	-0.00268	-0.00266	-0.00155	-0.00153
-0.84	-0.00126	-0.00161	-0.00129	-0.00143	-0.00142	-0.00287	-0.00287	-0.00257	-0.00162	-0.00168
-0.86	-0.00136	-0.00166	-0.00134	-0.0014	-0.00142	-0.0029	-0.00281	-0.00273	-0.00167	-0.00173
-0.88	-0.00138	-0.00182	-0.00151	-0.00151	-0.00157	-0.00309	-0.00296	-0.00311	-0.00181	-0.00179
-0.9	-0.0015	-0.002	-0.00161	-0.00156	-0.00156	-0.00319	-0.00302	-0.00313	-0.00194	-0.00194
-0.92	-0.00156	-0.00201	-0.00161	-0.00162	-0.00161	-0.00366	-0.00371	-0.00343	-0.00206	-0.00195
-0.94	-0.00177	-0.00215	-0.00176	-0.00176	-0.00178	-0.00336	-0.00356	-0.00349	-0.00209	-0.0021
-0.96	-0.00191	-0.00213	-0.00183	-0.00194	-0.00193	-0.00357	-0.00339	-0.00366	-0.00212	-0.00224
-0.98	-0.00197	-0.00229	-0.00187	-0.00214	-0.00201	-0.00366	-0.00359	-0.00371	-0.00224	-0.00237
-1	-0.00212	-0.00228	-0.00192	-0.00214	-0.00207	-0.00365	-0.00386	-0.00408	-0.00248	-0.00239
-0.98	-0.00194	-0.0022	-0.00189	-0.00198	-0.00186	-0.00345	-0.00373	-0.00386	-0.00234	-0.0023
-0.96	-0.00183	-0.00214	-0.00175	-0.00187	-0.0018	-0.00339	-0.00376	-0.00367	-0.00222	-0.00221
-0.94	-0.00155	-0.00203	-0.00165	-0.00178	-0.00177	-0.00327	-0.00339	-0.00366	-0.00217	-0.00215
-0.92	-0.00149	-0.00205	-0.00159	-0.00169	-0.00166	-0.00316	-0.00353	-0.00344	-0.0021	-0.00198
-0.9	-0.00143	-0.00187	-0.00148	-0.00164	-0.00156	-0.00299	-0.00351	-0.00343	-0.00201	-0.00192
-0.88	-0.00135	-0.00187	-0.00143	-0.00153	-0.0015	-0.00256	-0.00338	-0.00328	-0.00186	-0.00182
-0.86	-0.00132	-0.00166	-0.00139	-0.00141	-0.0014	-0.00245	-0.00317	-0.00304	-0.00175	-0.00176
-0.84	-0.00135	-0.00159	-0.00127	-0.00128	-0.00125	-0.00251	-0.00297	-0.00283	-0.00166	-0.0016
-0.82	-0.00119	-0.00151	-0.00123	-0.00131	-0.00128	-0.00245	-0.00285	-0.00287	-0.00158	-0.00158
-0.8	-0.0011	-0.00137	-0.00117	-0.0012	-0.00122	-0.00239	-0.00273	-0.00267	-0.00153	-0.0015
-0.78	-0.00103	-0.00131	-0.00111	-0.00111	-0.00105	-0.00227	-0.00251	-0.00251	-0.00143	-0.00146
-0.76	-9.34345E-4	-0.00128	-0.00103	-0.00103	-0.00101	-0.0022	-0.00224	-0.00234	-0.00134	-0.00134
-0.74	-8.985E-4	-0.00121	-9.5101E-4	-0.001	-0.001	-0.00205	-0.00224	-0.00218	-0.00131	-0.00121
-0.72	-8.61305E-4	-0.00111	-9.0339E-4	-9.58125E-4	-9.3916E-4	-0.00201	-0.00219	-0.00216	-0.00124	-0.00123
-0.7	-8.24495E-4	-0.0011	-8.4953E-4	-9.214E-4	-9.6255E-4	-0.00201	-0.00227	-0.00205	-0.00113	-0.00113
-0.68	-7.5782E-4	-0.00102	-8.0554E-4	-8.3115E-4	-8.5125E-4	-0.00183	-0.00202	-0.00186	-0.00105	-0.00102
-0.66	-6.8236E-4	-9.5618E-4	-7.2707E-4	-7.6383E-4	-7.7839E-4	-0.0018	-0.00201	-0.00177	-9.69045E-4	-0.00101
-0.64	-6.15915E-4	-9.1838E-4	-7.09985E-4	-7.22255E-4	-7.2179E-4	-0.00164	-0.00178	-0.00173	-9.24005E-4	-9.6669E-4
-0.62	-6.2022E-4	-8.62715E-4	-6.6162E-4	-6.1975E-4	-6.0091E-4	-0.00144	-0.00153	-0.00156	-8.4817E-4	-9.32425E-4
-0.6	-5.6944E-4	-7.4662E-4	-6.0687E-4	-6.1877E-4	-5.9459E-4	-0.00153	-0.00161	-0.00168	-8.46845E-4	-8.5103E-4
-0.58	-5.22975E-4	-7.10185E-4	-5.5764E-4	-5.4936E-4	-5.252E-4	-0.00144	-0.00159	-0.00145	-8.06235E-4	-7.9423E-4
-0.56	-4.91885E-4	-6.5512E-4	-5.4572E-4	-5.1003E-4	-4.6103E-4	-0.00127	-0.00138	-0.00137	-7.42425E-4	-7.288E-4
-0.54	-4.59535E-4	-6.3661E-4	-5.00225E-4	-4.8949E-4	-4.1474E-4	-0.00125	-0.00131	-0.00126	-6.84285E-4	-6.8101E-4
-0.52	-4.43945E-4	-5.90415E-4	-4.7568E-4	-4.3697E-4	-4.0182E-4	-0.00116	-0.00123	-0.00119	-5.98625E-4	-6.47865E-4
-0.5	-4.07765E-4	-5.5165E-4	-4.2442E-4	-3.6696E-4	-3.6377E-4	-9.8078E-4	-0.00105	-0.00119	-6.04515E-4	-5.3278E-4
-0.48	-3.8539E-4	-5.5069E-4	-3.94785E-4	-4.06875E-4	-3.4581E-4	-0.00106	-0.00107	-0.00106	-5.69865E-4	-5.05875E-4
-0.46	-3.44185E-4	-5.06175E-4	-3.679E-4	-3.7812E-4	-3.3196E-4	-9.1431E-4	-0.00105	-9.6364E-4	-4.9961E-4	-4.7659E-4
-0.44	-3.31295E-4	-4.6014E-4	-3.32785E-4	-3.3018E-4	-2.7802E-4	-8.6242E-4	-8.7863E-4	-8.80275E-4	-5.2183E-4	-4.4424E-4
-0.42	-2.9697E-4	-4.295E-4	-3.05345E-4	-3.0922E-4	-2.6031E-4	-8.5437E-4	-8.91185E-4	-7.92045E-4	-4.6725E-4	-4.24745E-4
-0.4	-2.7687E-4	-3.9399E-4	-2.87085E-4	-2.86625E-4	-2.4772E-4	-7.6448E-4	-7.79895E-4	-7.3928E-4	-4.17135E-4	-3.9015E-4
-0.38	-2.61055E-4	-3.5577E-4	-2.4958E-4	-2.08125E-4	-2.0942E-4	-6.5219E-4	-6.75675E-4	-7.14195E-4	-3.63185E-4	-3.83595E-4
-0.36	-2.29425E-4	-3.3853E-4	-2.2715E-4	-2.1528E-4	-2.0468E-4	-6.6813E-4	-6.51975E-4	-6.15625E-4	-3.1732E-4	-3.5222E-4
-0.34	-2.0478E-4	-3.0261E-4	-2.01575E-4	-1.91235E-4	-1.7764E-4	-5.7036E-4	-5.9085E-4	-6.40875E-4	-3.1426E-4	-3.24975E-4
-0.32	-1.886E-4	-2.5291E-4	-1.81485E-4	-1.71845E-4	-1.6028E-4	-5.9091E-4	-5.8646E-4	-5.74785E-4	-2.8532E-4	-3.37275E-4
-0.3	-1.69365E-4	-2.41995E-4	-1.66005E-4	-1.4969E-4	-1.4834E-4	-5.3619E-4	-4.83615E-4	-4.9146E-4	-2.6458E-4	-3.04945E-4
-0.28	-1.6022E-4	-2.124E-4	-1.47345E-4	-1.4355E-4	-1.3778E-4	-5.3503E-4	-4.7142E-4	-4.36735E-4	-2.43575E-4	-2.5337E-4
-0.26	-1.4815E-4	-2.0063E-4	-1.2594E-4	-1.2048E-4	-1.1436E-4	-4.071E-4	-4.55435E-4	-3.8999E-4	-2.1173E-4	-2.33595E-4
-0.24	-1.31285E-4	-1.82365E-4	-1.16585E-4	-1.08195E-4	-1.029E-4	-3.5632E-4	-3.46985E-4	-3.56585E-4	-1.8315E-4	-2.1744E-4
-0.22	-1.2186E-4	-1.48835E-4	-1.01986E-4	-9.41555E-5	-8.9611E-5	-3.6935E-4	-3.51775E-4	-3.2204E-4	-1.72925E-4	-1.7436E-4
-0.2	-1.00722E-4	-1.244E-4	-9.1122E-5	-8.48055E-5	-8.0723E-5	-2.6304E-4	-2.77985E-4	-2.84285E-4	-1.54865E-4	-1.46835E-4
-0.18	-9.26055E-5	-1.1527E-4	-7.9408E-5	-7.04105E-5	-6.9065E-5	-2.5001E-4	-2.414E-4	-2.25985E-4	-1.3634E-4	-1.2235E-4
-0.16	-7.1511E-5	-9.9679E-5	-6.8603E-5	-6.31125E-5	-6.1502E-5	-2.2341E-4	-2.5603E-4	-1.9948E-4	-1.14115E-4	-1.22625E-4
-0.14	-5.9734E-5	-7.18125E-5	-5.61515E-5	-5.0421E-5	-4.9912E-5	-1.7523E-4	-1.65065E-4	-1.801E-4	-9.6672E-5	-1.00744E-4
-0.12	-4.86455E-5	-6.46125E-5	-4.8754E-5	-4.17755E-5	-4.0654E-5	-1.7092E-4	-1.6168E-4	-1.42195E-4	-7.3336E-5	-7.9677E-5
-0.1	-5.2787E-5	-5.59405E-5	-3.8567E-5	-3.2597E-5	-3.2538E-5	-1.151E-4	-1.23785E-4	-9.75935E-5	-6.52525E-5	-7.49455E-5
-0.08	-4.0751E-5	-4.1252E-5	-2.57915E-5	-2.29145E-5	-2.3847E-5	-9.9215E-5	-1.12308E-4	-9.0798E-5	-4.93775E-5	-5.32015E-5
-0.06	-2.9393E-5	-3.28355E-5	-2.00975E-5	-1.79415E-5	-1.8754E-5	-6.998E-5	-7.9234E-5	-5.2241E-5	-3.5249E-5	-4.02415E-5
-0.04	-1.52315E-5	-1.60405E-5	-1.28755E-5	-1.26975E-5	-1.2621E-5	-4.0428E-5	-4.14875E-5	-3.7922E-5	-1.87815E-5	-2.36225E-5
-0.02	-8.2477E-6	-8.6412E-6	-6.13295E-6	-6.4212E-6	-6.2208E-6	-2.5048E-5	-2.36065E-5	-1.8219E-5	-9.6888E-6	-1.5809E-5
0	1.64275E-7	3.1568E-7	1.7456E-7	2.4032E-7	1.2918E-7	-2.1215E-6	-1.68625E-6	-1.13959E-6	1.054E-8	-5.71875E-7
