voltage		Abs J		  J    		Voltage		Current
0.0000E+0	1.1661E-6	1.1661E-6	1.7102E-5	2.0607E-12
2.0000E-2	7.5133E-8	7.5133E-8	2.0019E-2	1.3277E-13
4.0000E-2	2.5452E-7	2.5452E-7	4.0022E-2	4.4977E-13
6.0000E-2	4.4491E-7	4.4491E-7	5.9989E-2	7.8622E-13
8.0000E-2	6.6816E-7	6.6816E-7	7.9979E-2	1.1807E-12
1.0000E-1	8.8540E-7	8.8540E-7	9.9950E-2	1.5646E-12
1.2000E-1	1.1160E-6	1.1160E-6	1.1995E-1	1.9722E-12
1.4000E-1	1.3670E-6	1.3670E-6	1.3997E-1	2.4156E-12
1.6000E-1	1.6249E-6	1.6249E-6	1.5997E-1	2.8715E-12
1.8000E-1	1.9044E-6	1.9044E-6	1.8000E-1	3.3654E-12
2.0000E-1	2.2023E-6	2.2023E-6	1.9998E-1	3.8918E-12
2.2000E-1	2.5918E-6	2.5918E-6	2.2001E-1	4.5801E-12
2.4000E-1	3.0081E-6	3.0081E-6	2.4001E-1	5.3158E-12
2.6000E-1	3.3141E-6	3.3141E-6	2.6004E-1	5.8565E-12
2.8000E-1	3.6539E-6	3.6539E-6	2.8005E-1	6.4569E-12
3.0000E-1	3.9861E-6	3.9861E-6	3.0001E-1	7.0440E-12
3.2000E-1	4.4724E-6	4.4724E-6	3.2002E-1	7.9033E-12
3.4000E-1	5.0054E-6	5.0054E-6	3.3998E-1	8.8452E-12
3.6000E-1	5.5202E-6	5.5202E-6	3.5998E-1	9.7550E-12
3.8000E-1	5.9726E-6	5.9726E-6	3.7998E-1	1.0554E-11
4.0000E-1	6.4521E-6	6.4521E-6	3.9995E-1	1.1402E-11
4.2000E-1	7.1794E-6	7.1794E-6	4.1999E-1	1.2687E-11
4.4000E-1	7.7194E-6	7.7194E-6	4.3999E-1	1.3641E-11
4.6000E-1	8.5298E-6	8.5298E-6	4.6002E-1	1.5073E-11
4.8000E-1	9.3551E-6	9.3551E-6	4.8004E-1	1.6532E-11
5.0000E-1	1.0391E-5	1.0391E-5	5.0004E-1	1.8363E-11
5.2000E-1	1.1408E-5	1.1408E-5	5.2007E-1	2.0160E-11
5.4000E-1	1.2476E-5	1.2476E-5	5.4006E-1	2.2048E-11
5.6000E-1	1.3618E-5	1.3618E-5	5.6007E-1	2.4066E-11
5.8000E-1	1.4922E-5	1.4922E-5	5.8004E-1	2.6369E-11
6.0000E-1	1.6195E-5	1.6195E-5	6.0003E-1	2.8619E-11
6.2000E-1	1.7907E-5	1.7907E-5	6.2003E-1	3.1644E-11
6.4000E-1	1.9574E-5	1.9574E-5	6.4000E-1	3.4590E-11
6.6000E-1	2.1331E-5	2.1331E-5	6.6001E-1	3.7695E-11
6.8000E-1	2.2945E-5	2.2945E-5	6.8000E-1	4.0548E-11
7.0000E-1	2.5340E-5	2.5340E-5	7.0003E-1	4.4779E-11
7.2000E-1	2.8340E-5	2.8340E-5	7.2006E-1	5.0082E-11
7.4000E-1	3.0046E-5	3.0046E-5	7.4004E-1	5.3096E-11
7.6000E-1	3.5015E-5	3.5015E-5	7.6007E-1	6.1876E-11
7.8000E-1	3.7162E-5	3.7162E-5	7.8007E-1	6.5671E-11
8.0000E-1	4.0472E-5	4.0472E-5	8.0010E-1	7.1519E-11
8.2000E-1	4.7072E-5	4.7072E-5	8.2010E-1	8.3182E-11
8.4000E-1	5.0370E-5	5.0370E-5	8.3254E-1	8.9012E-11
8.6000E-1	5.1941E-5	5.1941E-5	8.2445E-1	9.1788E-11
8.8000E-1	6.1519E-5	6.1519E-5	8.8002E-1	1.0871E-10
9.0000E-1	6.9163E-5	6.9163E-5	9.0002E-1	1.2222E-10
9.2000E-1	8.0707E-5	8.0707E-5	9.2000E-1	1.4262E-10
9.4000E-1	8.5017E-5	8.5017E-5	9.4001E-1	1.5024E-10
9.6000E-1	9.5324E-5	9.5324E-5	9.6004E-1	1.6845E-10
9.8000E-1	9.6929E-5	9.6929E-5	9.8003E-1	1.7129E-10
1.0000E+0	1.1079E-4	1.1079E-4	1.0001E+0	1.9579E-10
9.8000E-1	9.3890E-5	9.3890E-5	9.8003E-1	1.6592E-10
9.6000E-1	7.8739E-5	7.8739E-5	9.6004E-1	1.3914E-10
9.4000E-1	7.5612E-5	7.5612E-5	9.4001E-1	1.3362E-10
9.2000E-1	6.2695E-5	6.2695E-5	9.2000E-1	1.1079E-10
9.0000E-1	4.8381E-5	4.8381E-5	8.9597E-1	8.5496E-11
8.8000E-1	4.6927E-5	4.6927E-5	8.8004E-1	8.2926E-11
8.6000E-1	4.3839E-5	4.3839E-5	8.6008E-1	7.7471E-11
8.4000E-1	4.0111E-5	4.0111E-5	8.4008E-1	7.0882E-11
8.2000E-1	3.5335E-5	3.5335E-5	8.2010E-1	6.2442E-11
8.0000E-1	3.3573E-5	3.3573E-5	8.0010E-1	5.9329E-11
7.8000E-1	2.7337E-5	2.7337E-5	7.8006E-1	4.8309E-11
7.6000E-1	2.3843E-5	2.3843E-5	7.6007E-1	4.2135E-11
7.4000E-1	2.2107E-5	2.2107E-5	7.4004E-1	3.9066E-11
7.2000E-1	1.8660E-5	1.8660E-5	7.2006E-1	3.2975E-11
7.0000E-1	1.7078E-5	1.7078E-5	7.0002E-1	3.0178E-11
6.8000E-1	1.5350E-5	1.5350E-5	6.8000E-1	2.7126E-11
6.6000E-1	1.3717E-5	1.3717E-5	6.6001E-1	2.4240E-11
6.4000E-1	1.3499E-5	1.3499E-5	6.4000E-1	2.3854E-11
6.2000E-1	1.2049E-5	1.2049E-5	6.2003E-1	2.1292E-11
6.0000E-1	1.0542E-5	1.0542E-5	6.0003E-1	1.8630E-11
5.8000E-1	1.2856E-5	1.2856E-5	5.8004E-1	2.2719E-11
5.6000E-1	8.4146E-6	8.4146E-6	5.6006E-1	1.4870E-11
5.4000E-1	7.5914E-6	7.5914E-6	5.4006E-1	1.3415E-11
5.2000E-1	7.0796E-6	7.0796E-6	5.2007E-1	1.2511E-11
5.0000E-1	6.1096E-6	6.1096E-6	5.0004E-1	1.0797E-11
4.8000E-1	5.5725E-6	5.5725E-6	4.8004E-1	9.8474E-12
4.6000E-1	4.9606E-6	4.9606E-6	4.6002E-1	8.7661E-12
4.4000E-1	4.4925E-6	4.4925E-6	4.3999E-1	7.9389E-12
4.2000E-1	3.9756E-6	3.9756E-6	4.1999E-1	7.0255E-12
4.0000E-1	3.7035E-6	3.7035E-6	3.9995E-1	6.5446E-12
3.8000E-1	3.3099E-6	3.3099E-6	3.7998E-1	5.8491E-12
3.6000E-1	2.8994E-6	2.8994E-6	3.5998E-1	5.1237E-12
3.4000E-1	2.5761E-6	2.5761E-6	3.3997E-1	4.5523E-12
3.2000E-1	2.3869E-6	2.3869E-6	3.2002E-1	4.2180E-12
3.0000E-1	2.0985E-6	2.0985E-6	3.0001E-1	3.7083E-12
2.8000E-1	1.9032E-6	1.9032E-6	2.8004E-1	3.3632E-12
2.6000E-1	1.5665E-6	1.5665E-6	2.6004E-1	2.7682E-12
2.4000E-1	1.4433E-6	1.4433E-6	2.4001E-1	2.5506E-12
2.2000E-1	1.3012E-6	1.3012E-6	2.2001E-1	2.2993E-12
2.0000E-1	1.1314E-6	1.1314E-6	1.9998E-1	1.9993E-12
1.8000E-1	9.3943E-7	9.3943E-7	1.8000E-1	1.6601E-12
1.6000E-1	7.8927E-7	7.8927E-7	1.5997E-1	1.3948E-12
1.4000E-1	6.7154E-7	6.7154E-7	1.3997E-1	1.1867E-12
1.2000E-1	5.3556E-7	5.3556E-7	1.1995E-1	9.4641E-13
1.0000E-1	3.8937E-7	3.8937E-7	9.9950E-2	6.8807E-13
8.0000E-2	2.9907E-7	2.9907E-7	7.9979E-2	5.2849E-13
6.0000E-2	2.0064E-7	2.0064E-7	5.9989E-2	3.5456E-13
4.0000E-2	1.0722E-7	1.0722E-7	4.0021E-2	1.8947E-13
2.0000E-2	1.4085E-8	-1.4085E-8	2.0019E-2	-2.4891E-14
0.0000E+0	1.0212E-7	-1.0212E-7	1.5138E-5	-1.8045E-13
-2.0000E-2	1.9213E-7	-1.9213E-7	-1.9928E-2	-3.3953E-13
-4.0000E-2	2.7667E-7	-2.7667E-7	-3.9933E-2	-4.8891E-13
-6.0000E-2	3.7639E-7	-3.7639E-7	-5.9904E-2	-6.6514E-13
-8.0000E-2	4.4701E-7	-4.4701E-7	-7.9897E-2	-7.8993E-13
-1.0000E-1	5.9924E-7	-5.9924E-7	-9.9871E-2	-1.0589E-12
-1.2000E-1	6.3430E-7	-6.3430E-7	-1.1988E-1	-1.1209E-12
-1.4000E-1	7.6344E-7	-7.6344E-7	-1.3987E-1	-1.3491E-12
-1.6000E-1	8.9658E-7	-8.9658E-7	-1.5990E-1	-1.5844E-12
-1.8000E-1	1.0128E-6	-1.0128E-6	-1.7990E-1	-1.7898E-12
-2.0000E-1	1.2572E-6	-1.2572E-6	-1.9992E-1	-2.2216E-12
-2.2000E-1	1.4245E-6	-1.4245E-6	-2.1992E-1	-2.5173E-12
-2.4000E-1	1.6577E-6	-1.6577E-6	-2.3995E-1	-2.9293E-12
-2.6000E-1	1.9440E-6	-1.9440E-6	-2.5995E-1	-3.4354E-12
-2.8000E-1	2.3474E-6	-2.3474E-6	-2.7996E-1	-4.1483E-12
-3.0000E-1	3.1072E-6	-3.1072E-6	-2.9996E-1	-5.4909E-12
-3.2000E-1	3.7995E-6	-3.7995E-6	-3.1994E-1	-6.7143E-12
-3.4000E-1	4.8555E-6	-4.8555E-6	-3.3993E-1	-8.5803E-12
-3.6000E-1	5.8832E-6	-5.8832E-6	-3.5990E-1	-1.0396E-11
-3.8000E-1	7.8458E-6	-7.8458E-6	-3.7991E-1	-1.3865E-11
-4.0000E-1	9.1161E-6	-9.1161E-6	-3.9989E-1	-1.6109E-11
-4.2000E-1	1.1677E-5	-1.1677E-5	-4.1992E-1	-2.0635E-11
-4.4000E-1	1.4998E-5	-1.4998E-5	-4.3993E-1	-2.6504E-11
-4.6000E-1	1.7790E-5	-1.7790E-5	-4.5996E-1	-3.1438E-11
-4.8000E-1	2.2906E-5	-2.2906E-5	-4.7996E-1	-4.0478E-11
-5.0000E-1	3.2432E-5	-3.2432E-5	-4.9999E-1	-5.7312E-11
-5.2000E-1	3.8483E-5	-3.8483E-5	-5.2000E-1	-6.8005E-11
-5.4000E-1	4.7990E-5	-4.7990E-5	-5.3825E-1	-8.4806E-11
-5.6000E-1	5.1303E-5	-5.1303E-5	-5.2630E-1	-9.0659E-11
-5.8000E-1	5.3464E-5	-5.3464E-5	-4.7734E-1	-9.4478E-11
-6.0000E-1	8.3545E-5	-8.3545E-5	-5.9995E-1	-1.4764E-10
-6.2000E-1	1.1499E-4	-1.1499E-4	-6.1996E-1	-2.0320E-10
-6.4000E-1	1.5094E-4	-1.5094E-4	-6.3993E-1	-2.6673E-10
-6.6000E-1	1.8192E-4	-1.8192E-4	-6.5994E-1	-3.2148E-10
-6.8000E-1	2.3137E-4	-2.3137E-4	-6.7997E-1	-4.0887E-10
-7.0000E-1	2.7573E-4	-2.7573E-4	-6.9996E-1	-4.8725E-10
-7.2000E-1	3.3841E-4	-3.3841E-4	-7.2000E-1	-5.9802E-10
-7.4000E-1	4.3437E-4	-4.3437E-4	-7.3999E-1	-7.6760E-10
-7.6000E-1	5.2232E-4	-5.2232E-4	-7.6001E-1	-9.2302E-10
-7.8000E-1	6.5373E-4	-6.5373E-4	-7.8000E-1	-1.1552E-9
-8.0000E-1	7.9985E-4	-7.9985E-4	-8.0003E-1	-1.4135E-9
-8.2000E-1	1.0002E-3	-1.0002E-3	-8.2001E-1	-1.7675E-9
-8.4000E-1	1.2021E-3	-1.2021E-3	-8.4002E-1	-2.1243E-9
-8.6000E-1	1.4964E-3	-1.4964E-3	-8.5999E-1	-2.6444E-9
-8.8000E-1	1.7929E-3	-1.7929E-3	-8.7998E-1	-3.1684E-9
-9.0000E-1	2.2415E-3	-2.2415E-3	-8.9996E-1	-3.9610E-9
-9.2000E-1	2.6764E-3	-2.6764E-3	-9.1996E-1	-4.7296E-9
-9.4000E-1	3.1890E-3	-3.1890E-3	-9.3994E-1	-5.6354E-9
-9.6000E-1	3.9400E-3	-3.9400E-3	-9.5998E-1	-6.9625E-9
-9.8000E-1	4.5218E-3	-4.5218E-3	-9.7998E-1	-7.9906E-9
-1.0000E+0	5.3271E-3	-5.3271E-3	-9.9973E-1	-9.4138E-9
-9.8000E-1	4.7564E-3	-4.7564E-3	-9.7998E-1	-8.4053E-9
-9.6000E-1	4.1349E-3	-4.1349E-3	-9.5998E-1	-7.3070E-9
-9.4000E-1	3.5541E-3	-3.5541E-3	-9.3995E-1	-6.2806E-9
-9.2000E-1	3.0822E-3	-3.0822E-3	-9.1996E-1	-5.4467E-9
-9.0000E-1	2.6743E-3	-2.6743E-3	-8.9996E-1	-4.7258E-9
-8.8000E-1	2.2825E-3	-2.2825E-3	-8.7999E-1	-4.0335E-9
-8.6000E-1	2.0092E-3	-2.0092E-3	-8.5999E-1	-3.5506E-9
-8.4000E-1	1.6870E-3	-1.6870E-3	-8.4002E-1	-2.9811E-9
-8.2000E-1	1.4652E-3	-1.4652E-3	-8.2001E-1	-2.5892E-9
-8.0000E-1	1.2343E-3	-1.2343E-3	-8.0004E-1	-2.1812E-9
-7.8000E-1	1.0629E-3	-1.0629E-3	-7.8001E-1	-1.8782E-9
-7.6000E-1	9.0286E-4	-9.0286E-4	-7.6001E-1	-1.5955E-9
-7.4000E-1	7.6263E-4	-7.6263E-4	-7.3998E-1	-1.3477E-9
-7.2000E-1	6.2128E-4	-6.2128E-4	-7.1999E-1	-1.0979E-9
-7.0000E-1	4.8646E-4	-4.8646E-4	-6.8742E-1	-8.5965E-10
-6.8000E-1	4.5530E-4	-4.5530E-4	-6.7997E-1	-8.0459E-10
-6.6000E-1	3.7483E-4	-3.7483E-4	-6.5994E-1	-6.6238E-10
-6.4000E-1	3.2091E-4	-3.2091E-4	-6.3994E-1	-5.6709E-10
-6.2000E-1	2.5516E-4	-2.5516E-4	-6.1996E-1	-4.5090E-10
-6.0000E-1	2.2880E-4	-2.2880E-4	-5.9995E-1	-4.0433E-10
-5.8000E-1	1.9323E-4	-1.9323E-4	-5.7999E-1	-3.4146E-10
-5.6000E-1	1.5968E-4	-1.5968E-4	-5.5999E-1	-2.8218E-10
-5.4000E-1	1.3359E-4	-1.3359E-4	-5.4001E-1	-2.3607E-10
-5.2000E-1	1.1599E-4	-1.1599E-4	-5.1999E-1	-2.0497E-10
-5.0000E-1	9.9635E-5	-9.9635E-5	-4.9999E-1	-1.7607E-10
-4.8000E-1	8.1300E-5	-8.1300E-5	-4.7995E-1	-1.4367E-10
-4.6000E-1	7.6417E-5	-7.6417E-5	-4.5996E-1	-1.3504E-10
-4.4000E-1	5.7384E-5	-5.7384E-5	-4.3993E-1	-1.0141E-10
-4.2000E-1	3.8390E-5	-3.8390E-5	-4.1993E-1	-6.7840E-11
-4.0000E-1	3.5161E-5	-3.5161E-5	-3.9989E-1	-6.2135E-11
-3.8000E-1	2.8692E-5	-2.8692E-5	-3.7991E-1	-5.0703E-11
-3.6000E-1	2.2451E-5	-2.2451E-5	-3.5991E-1	-3.9673E-11
-3.4000E-1	1.8790E-5	-1.8790E-5	-3.3993E-1	-3.3205E-11
-3.2000E-1	1.4223E-5	-1.4223E-5	-3.1994E-1	-2.5133E-11
-3.0000E-1	1.0127E-5	-1.0127E-5	-2.9997E-1	-1.7896E-11
-2.8000E-1	7.1788E-6	-7.1788E-6	-2.7996E-1	-1.2686E-11
-2.6000E-1	5.3428E-6	-5.3428E-6	-2.5995E-1	-9.4416E-12
-2.4000E-1	4.5873E-6	-4.5873E-6	-2.3995E-1	-8.1064E-12
-2.2000E-1	3.1689E-6	-3.1689E-6	-2.1992E-1	-5.6000E-12
-2.0000E-1	2.5214E-6	-2.5214E-6	-1.9992E-1	-4.4556E-12
-1.8000E-1	1.8276E-6	-1.8276E-6	-1.7990E-1	-3.2296E-12
-1.6000E-1	1.4404E-6	-1.4404E-6	-1.5990E-1	-2.5453E-12
-1.4000E-1	1.1366E-6	-1.1366E-6	-1.3987E-1	-2.0086E-12
-1.2000E-1	8.4943E-7	-8.4943E-7	-1.1988E-1	-1.5011E-12
-1.0000E-1	7.0639E-7	-7.0639E-7	-9.9872E-2	-1.2483E-12
-8.0000E-2	6.1212E-7	-6.1212E-7	-7.9898E-2	-1.0817E-12
-6.0000E-2	5.4115E-7	-5.4115E-7	-5.9905E-2	-9.5629E-13
-4.0000E-2	1.1428E-6	-1.1428E-6	-3.9933E-2	-2.0194E-12
-2.0000E-2	9.3555E-7	-9.3555E-7	-1.9929E-2	-1.6532E-12
-0.0000E+0	2.7229E-6	-2.7229E-6	4.2236E-5	-4.8117E-12
0.0000E+0	4.9952E-8	4.9952E-8	4.5611E-5	8.8272E-14
2.0000E-2	8.7440E-7	8.7440E-7	2.0019E-2	1.5452E-12
4.0000E-2	1.6108E-6	1.6108E-6	4.0022E-2	2.8465E-12
6.0000E-2	7.6192E-7	7.6192E-7	5.9989E-2	1.3464E-12
8.0000E-2	7.4459E-7	7.4459E-7	7.9980E-2	1.3158E-12
1.0000E-1	9.0436E-7	9.0436E-7	9.9949E-2	1.5981E-12
1.2000E-1	9.1270E-7	9.1270E-7	1.1995E-1	1.6129E-12
1.4000E-1	1.0783E-6	1.0783E-6	1.3997E-1	1.9054E-12
1.6000E-1	9.6728E-7	9.6728E-7	1.5997E-1	1.7093E-12
1.8000E-1	1.1020E-6	1.1020E-6	1.8000E-1	1.9474E-12
2.0000E-1	1.3463E-6	1.3463E-6	1.9998E-1	2.3790E-12
2.2000E-1	1.4209E-6	1.4209E-6	2.2001E-1	2.5110E-12
2.4000E-1	1.6390E-6	1.6390E-6	2.4001E-1	2.8963E-12
2.6000E-1	1.8928E-6	1.8928E-6	2.6004E-1	3.3449E-12
2.8000E-1	2.1053E-6	2.1053E-6	2.8004E-1	3.7204E-12
3.0000E-1	2.4046E-6	2.4046E-6	3.0001E-1	4.2493E-12
3.2000E-1	2.7544E-6	2.7544E-6	3.2002E-1	4.8674E-12
3.4000E-1	3.1038E-6	3.1038E-6	3.3997E-1	5.4848E-12
3.6000E-1	3.4573E-6	3.4573E-6	3.5998E-1	6.1096E-12
3.8000E-1	3.7826E-6	3.7826E-6	3.7998E-1	6.6843E-12
4.0000E-1	4.5804E-6	4.5804E-6	3.9996E-1	8.0943E-12
4.2000E-1	5.1610E-6	5.1610E-6	4.1999E-1	9.1202E-12
4.4000E-1	5.3652E-6	5.3652E-6	4.3999E-1	9.4811E-12
4.6000E-1	6.1112E-6	6.1112E-6	4.6002E-1	1.0799E-11
4.8000E-1	6.3406E-6	6.3406E-6	4.8004E-1	1.1205E-11
5.0000E-1	6.7227E-6	6.7227E-6	5.0004E-1	1.1880E-11
5.2000E-1	7.6579E-6	7.6579E-6	5.2007E-1	1.3533E-11
5.4000E-1	8.1604E-6	8.1604E-6	5.4006E-1	1.4421E-11
5.6000E-1	9.2088E-6	9.2088E-6	5.6007E-1	1.6273E-11
5.8000E-1	1.0420E-5	1.0420E-5	5.8004E-1	1.8415E-11
6.0000E-1	1.0950E-5	1.0950E-5	6.0003E-1	1.9351E-11
6.2000E-1	1.1710E-5	1.1710E-5	6.2003E-1	2.0694E-11
6.4000E-1	1.2796E-5	1.2796E-5	6.4000E-1	2.2612E-11
6.6000E-1	1.4225E-5	1.4225E-5	6.6001E-1	2.5138E-11
6.8000E-1	1.5528E-5	1.5528E-5	6.8000E-1	2.7440E-11
7.0000E-1	1.7862E-5	1.7862E-5	7.0003E-1	3.1565E-11
7.2000E-1	2.1039E-5	2.1039E-5	7.2006E-1	3.7179E-11
7.4000E-1	2.1085E-5	2.1085E-5	7.4004E-1	3.7261E-11
7.6000E-1	2.4239E-5	2.4239E-5	7.6007E-1	4.2834E-11
7.8000E-1	2.5818E-5	2.5818E-5	7.8007E-1	4.5625E-11
8.0000E-1	3.0879E-5	3.0879E-5	8.0009E-1	5.4567E-11
8.2000E-1	3.2079E-5	3.2079E-5	8.2010E-1	5.6689E-11
8.4000E-1	3.5604E-5	3.5604E-5	8.4007E-1	6.2918E-11
8.6000E-1	3.8955E-5	3.8955E-5	8.6008E-1	6.8839E-11
8.8000E-1	4.3433E-5	4.3433E-5	8.8003E-1	7.6752E-11
9.0000E-1	4.7673E-5	4.7673E-5	9.0004E-1	8.4245E-11
9.2000E-1	5.5158E-5	5.5158E-5	9.2000E-1	9.7472E-11
9.4000E-1	5.8730E-5	5.8730E-5	9.4000E-1	1.0378E-10
9.6000E-1	6.6511E-5	6.6511E-5	9.6003E-1	1.1753E-10
9.8000E-1	7.4490E-5	7.4490E-5	9.8003E-1	1.3163E-10
1.0000E+0	8.2805E-5	8.2805E-5	1.0001E+0	1.4633E-10
9.8000E-1	6.7973E-5	6.7973E-5	9.8003E-1	1.2012E-10
9.6000E-1	6.1953E-5	6.1953E-5	9.6004E-1	1.0948E-10
9.4000E-1	4.7994E-5	4.7994E-5	9.3232E-1	8.4813E-11
9.2000E-1	4.5786E-5	4.5786E-5	9.2001E-1	8.0910E-11
9.0000E-1	3.7622E-5	3.7622E-5	9.0004E-1	6.6484E-11
8.8000E-1	3.4796E-5	3.4796E-5	8.8003E-1	6.1490E-11
8.6000E-1	3.1334E-5	3.1334E-5	8.6007E-1	5.5373E-11
8.4000E-1	2.7315E-5	2.7315E-5	8.4007E-1	4.8269E-11
8.2000E-1	2.3514E-5	2.3514E-5	8.2010E-1	4.1553E-11
8.0000E-1	2.0601E-5	2.0601E-5	8.0009E-1	3.6405E-11
7.8000E-1	1.8009E-5	1.8009E-5	7.8006E-1	3.1824E-11
7.6000E-1	1.6230E-5	1.6230E-5	7.6007E-1	2.8681E-11
7.4000E-1	1.5013E-5	1.5013E-5	7.4004E-1	2.6529E-11
7.2000E-1	1.1667E-5	1.1667E-5	7.2005E-1	2.0617E-11
7.0000E-1	1.0794E-5	1.0794E-5	7.0003E-1	1.9074E-11
6.8000E-1	1.0167E-5	1.0167E-5	6.8000E-1	1.7967E-11
6.6000E-1	9.6672E-6	9.6672E-6	6.6000E-1	1.7083E-11
6.4000E-1	8.8865E-6	8.8865E-6	6.4000E-1	1.5704E-11
6.2000E-1	6.9980E-6	6.9980E-6	6.2003E-1	1.2366E-11
6.0000E-1	5.9659E-6	5.9659E-6	6.0003E-1	1.0543E-11
5.8000E-1	5.6110E-6	5.6110E-6	5.8004E-1	9.9154E-12
5.6000E-1	5.2048E-6	5.2048E-6	5.6006E-1	9.1977E-12
5.4000E-1	4.6580E-6	4.6580E-6	5.4006E-1	8.2313E-12
5.2000E-1	3.8903E-6	3.8903E-6	5.2007E-1	6.8747E-12
5.0000E-1	3.4392E-6	3.4392E-6	5.0004E-1	6.0776E-12
4.8000E-1	3.1857E-6	3.1857E-6	4.8004E-1	5.6297E-12
4.6000E-1	3.0473E-6	3.0473E-6	4.6002E-1	5.3851E-12
4.4000E-1	2.4631E-6	2.4631E-6	4.3999E-1	4.3527E-12
4.2000E-1	2.2610E-6	2.2610E-6	4.1999E-1	3.9955E-12
4.0000E-1	1.9921E-6	1.9921E-6	3.9995E-1	3.5203E-12
3.8000E-1	1.7799E-6	1.7799E-6	3.7998E-1	3.1453E-12
3.6000E-1	1.6070E-6	1.6070E-6	3.5998E-1	2.8398E-12
3.4000E-1	1.4430E-6	1.4430E-6	3.3997E-1	2.5501E-12
3.2000E-1	1.2682E-6	1.2682E-6	3.2002E-1	2.2410E-12
3.0000E-1	1.0845E-6	1.0845E-6	3.0001E-1	1.9165E-12
2.8000E-1	9.8163E-7	9.8163E-7	2.8004E-1	1.7347E-12
2.6000E-1	8.5139E-7	8.5139E-7	2.6004E-1	1.5045E-12
2.4000E-1	7.5387E-7	7.5387E-7	2.4001E-1	1.3322E-12
2.2000E-1	6.5393E-7	6.5393E-7	2.2001E-1	1.1556E-12
2.0000E-1	5.5845E-7	5.5845E-7	1.9998E-1	9.8686E-13
1.8000E-1	4.3879E-7	4.3879E-7	1.8000E-1	7.7541E-13
1.6000E-1	3.6784E-7	3.6784E-7	1.5997E-1	6.5003E-13
1.4000E-1	2.9239E-7	2.9239E-7	1.3997E-1	5.1670E-13
1.2000E-1	2.4092E-7	2.4092E-7	1.1995E-1	4.2574E-13
1.0000E-1	1.8062E-7	1.8062E-7	9.9950E-2	3.1918E-13
8.0000E-2	1.2265E-7	1.2265E-7	7.9978E-2	2.1673E-13
6.0000E-2	6.8849E-8	6.8849E-8	5.9989E-2	1.2167E-13
4.0000E-2	1.1438E-8	1.1438E-8	4.0022E-2	2.0213E-14
2.0000E-2	4.1881E-8	-4.1881E-8	2.0020E-2	-7.4009E-14
0.0000E+0	9.2022E-8	-9.2022E-8	1.7136E-5	-1.6262E-13
-2.0000E-2	1.5335E-7	-1.5335E-7	-1.9927E-2	-2.7099E-13
-4.0000E-2	1.9159E-7	-1.9159E-7	-3.9934E-2	-3.3857E-13
-6.0000E-2	2.2908E-7	-2.2908E-7	-5.9904E-2	-4.0483E-13
-8.0000E-2	2.7828E-7	-2.7828E-7	-7.9898E-2	-4.9177E-13
-1.0000E-1	3.3267E-7	-3.3267E-7	-9.9871E-2	-5.8788E-13
-1.2000E-1	3.8059E-7	-3.8059E-7	-1.1987E-1	-6.7256E-13
-1.4000E-1	4.4631E-7	-4.4631E-7	-1.3987E-1	-7.8870E-13
-1.6000E-1	5.0285E-7	-5.0285E-7	-1.5990E-1	-8.8861E-13
-1.8000E-1	5.9778E-7	-5.9778E-7	-1.7990E-1	-1.0564E-12
-2.0000E-1	6.9120E-7	-6.9120E-7	-1.9992E-1	-1.2215E-12
-2.2000E-1	8.4268E-7	-8.4268E-7	-2.1992E-1	-1.4891E-12
-2.4000E-1	9.9137E-7	-9.9137E-7	-2.3995E-1	-1.7519E-12
-2.6000E-1	1.2149E-6	-1.2149E-6	-2.5995E-1	-2.1469E-12
-2.8000E-1	1.5543E-6	-1.5543E-6	-2.7996E-1	-2.7466E-12
-3.0000E-1	1.7715E-6	-1.7715E-6	-2.9996E-1	-3.1305E-12
-3.2000E-1	2.1418E-6	-2.1418E-6	-3.1994E-1	-3.7848E-12
-3.4000E-1	3.0557E-6	-3.0557E-6	-3.3993E-1	-5.3999E-12
-3.6000E-1	3.8596E-6	-3.8596E-6	-3.5990E-1	-6.8204E-12
-3.8000E-1	4.6176E-6	-4.6176E-6	-3.7991E-1	-8.1600E-12
-4.0000E-1	6.3292E-6	-6.3292E-6	-3.9989E-1	-1.1185E-11
-4.2000E-1	8.1080E-6	-8.1080E-6	-4.1992E-1	-1.4328E-11
-4.4000E-1	9.6001E-6	-9.6001E-6	-4.3993E-1	-1.6965E-11
-4.6000E-1	1.3145E-5	-1.3145E-5	-4.5996E-1	-2.3230E-11
-4.8000E-1	1.7725E-5	-1.7725E-5	-4.7995E-1	-3.1322E-11
-5.0000E-1	2.1536E-5	-2.1536E-5	-4.9999E-1	-3.8057E-11
-5.2000E-1	2.6309E-5	-2.6309E-5	-5.1999E-1	-4.6492E-11
-5.4000E-1	3.1495E-5	-3.1495E-5	-5.4002E-1	-5.5657E-11
-5.6000E-1	4.0120E-5	-4.0120E-5	-5.5999E-1	-7.0897E-11
-5.8000E-1	4.7652E-5	-4.7652E-5	-5.7999E-1	-8.4207E-11
-6.0000E-1	6.0026E-5	-6.0026E-5	-5.9995E-1	-1.0607E-10
-6.2000E-1	7.2117E-5	-7.2117E-5	-6.1996E-1	-1.2744E-10
-6.4000E-1	9.5379E-5	-9.5379E-5	-6.3993E-1	-1.6855E-10
-6.6000E-1	1.1864E-4	-1.1864E-4	-6.5994E-1	-2.0966E-10
-6.8000E-1	1.5031E-4	-1.5031E-4	-6.7996E-1	-2.6563E-10
-7.0000E-1	1.7792E-4	-1.7792E-4	-6.9996E-1	-3.1440E-10
-7.2000E-1	2.2915E-4	-2.2915E-4	-7.2000E-1	-4.0494E-10
-7.4000E-1	2.7187E-4	-2.7187E-4	-7.3998E-1	-4.8043E-10
-7.6000E-1	3.3372E-4	-3.3372E-4	-7.6002E-1	-5.8972E-10
-7.8000E-1	4.1438E-4	-4.1438E-4	-7.8001E-1	-7.3226E-10
-8.0000E-1	4.9319E-4	-4.9319E-4	-7.9877E-1	-8.7154E-10
-8.2000E-1	5.0079E-4	-5.0079E-4	-7.9556E-1	-8.8497E-10
-8.4000E-1	5.1243E-4	-5.1243E-4	-7.5587E-1	-9.0554E-10
-8.6000E-1	8.2939E-4	-8.2939E-4	-8.5999E-1	-1.4656E-9
-8.8000E-1	1.0077E-3	-1.0077E-3	-8.7998E-1	-1.7808E-9
-9.0000E-1	1.2482E-3	-1.2482E-3	-8.9995E-1	-2.2057E-9
-9.2000E-1	1.5403E-3	-1.5403E-3	-9.1996E-1	-2.7220E-9
-9.4000E-1	1.8618E-3	-1.8618E-3	-9.3994E-1	-3.2901E-9
-9.6000E-1	2.2179E-3	-2.2179E-3	-9.5997E-1	-3.9194E-9
-9.8000E-1	2.6672E-3	-2.6672E-3	-9.7997E-1	-4.7133E-9
-1.0000E+0	3.1790E-3	-3.1790E-3	-1.0000E+0	-5.6178E-9
-9.8000E-1	2.7386E-3	-2.7386E-3	-9.7997E-1	-4.8395E-9
-9.6000E-1	2.3509E-3	-2.3509E-3	-9.5997E-1	-4.1544E-9
-9.4000E-1	1.9823E-3	-1.9823E-3	-9.3994E-1	-3.5030E-9
-9.2000E-1	1.7288E-3	-1.7288E-3	-9.1996E-1	-3.0550E-9
-9.0000E-1	1.4920E-3	-1.4920E-3	-8.9996E-1	-2.6365E-9
-8.8000E-1	1.2484E-3	-1.2484E-3	-8.7998E-1	-2.2062E-9
-8.6000E-1	1.0897E-3	-1.0897E-3	-8.5999E-1	-1.9256E-9
-8.4000E-1	9.2615E-4	-9.2615E-4	-8.4002E-1	-1.6366E-9
-8.2000E-1	7.8488E-4	-7.8488E-4	-8.2001E-1	-1.3870E-9
-8.0000E-1	6.8664E-4	-6.8664E-4	-8.0004E-1	-1.2134E-9
-7.8000E-1	5.8614E-4	-5.8614E-4	-7.8001E-1	-1.0358E-9
-7.6000E-1	4.7714E-4	-4.7714E-4	-7.6002E-1	-8.4317E-10
-7.4000E-1	4.1167E-4	-4.1167E-4	-7.3999E-1	-7.2749E-10
-7.2000E-1	3.9112E-4	-3.9112E-4	-7.2001E-1	-6.9116E-10
-7.0000E-1	3.2401E-4	-3.2401E-4	-6.9997E-1	-5.7258E-10
-6.8000E-1	2.3996E-4	-2.3996E-4	-6.7997E-1	-4.2404E-10
-6.6000E-1	1.9843E-4	-1.9843E-4	-6.5994E-1	-3.5065E-10
-6.4000E-1	1.7247E-4	-1.7247E-4	-6.3993E-1	-3.0479E-10
-6.2000E-1	1.4186E-4	-1.4186E-4	-6.1996E-1	-2.5069E-10
-6.0000E-1	1.2400E-4	-1.2400E-4	-5.9995E-1	-2.1913E-10
-5.8000E-1	9.9459E-5	-9.9459E-5	-5.7999E-1	-1.7576E-10
-5.6000E-1	8.2785E-5	-8.2785E-5	-5.5999E-1	-1.4629E-10
-5.4000E-1	6.8804E-5	-6.8804E-5	-5.4001E-1	-1.2159E-10
-5.2000E-1	5.7526E-5	-5.7526E-5	-5.1999E-1	-1.0166E-10
-5.0000E-1	4.2246E-5	-4.2246E-5	-4.9999E-1	-7.4656E-11
-4.8000E-1	3.7488E-5	-3.7488E-5	-4.7996E-1	-6.6248E-11
-4.6000E-1	3.0065E-5	-3.0065E-5	-4.5997E-1	-5.3129E-11
-4.4000E-1	2.5251E-5	-2.5251E-5	-4.3993E-1	-4.4623E-11
-4.2000E-1	2.0298E-5	-2.0298E-5	-4.1993E-1	-3.5869E-11
-4.0000E-1	1.6006E-5	-1.6006E-5	-3.9989E-1	-2.8286E-11
-3.8000E-1	1.3028E-5	-1.3028E-5	-3.7991E-1	-2.3022E-11
-3.6000E-1	1.0006E-5	-1.0006E-5	-3.5991E-1	-1.7683E-11
-3.4000E-1	7.6621E-6	-7.6621E-6	-3.3993E-1	-1.3540E-11
-3.2000E-1	6.1036E-6	-6.1036E-6	-3.1994E-1	-1.0786E-11
-3.0000E-1	4.9560E-6	-4.9560E-6	-2.9997E-1	-8.7580E-12
-2.8000E-1	3.7290E-6	-3.7290E-6	-2.7996E-1	-6.5898E-12
-2.6000E-1	2.6626E-6	-2.6626E-6	-2.5995E-1	-4.7052E-12
-2.4000E-1	2.1013E-6	-2.1013E-6	-2.3995E-1	-3.7133E-12
-2.2000E-1	1.6151E-6	-1.6151E-6	-2.1992E-1	-2.8541E-12
-2.0000E-1	1.2883E-6	-1.2883E-6	-1.9992E-1	-2.2766E-12
-1.8000E-1	1.0481E-6	-1.0481E-6	-1.7990E-1	-1.8522E-12
-1.6000E-1	7.9793E-7	-7.9793E-7	-1.5990E-1	-1.4101E-12
-1.4000E-1	6.0914E-7	-6.0914E-7	-1.3987E-1	-1.0764E-12
-1.2000E-1	5.0461E-7	-5.0461E-7	-1.1988E-1	-8.9172E-13
-1.0000E-1	3.7297E-7	-3.7297E-7	-9.9872E-2	-6.5910E-13
-8.0000E-2	2.8766E-7	-2.8766E-7	-7.9897E-2	-5.0834E-13
-6.0000E-2	2.1632E-7	-2.1632E-7	-5.9904E-2	-3.8226E-13
-4.0000E-2	1.5653E-7	-1.5653E-7	-3.9934E-2	-2.7662E-13
-2.0000E-2	1.0901E-7	-1.0901E-7	-1.9928E-2	-1.9263E-13
-0.0000E+0	8.1143E-8	-8.1143E-8	4.5309E-5	-1.4339E-13
0.0000E+0	7.4293E-8	-7.4293E-8	4.5443E-5	-1.3129E-13
2.0000E-2	1.7092E-10	-1.7092E-10	2.0019E-2	-3.0203E-16
4.0000E-2	5.0288E-8	5.0288E-8	4.0022E-2	8.8866E-14
6.0000E-2	9.1874E-8	9.1874E-8	5.9990E-2	1.6235E-13
8.0000E-2	1.5563E-7	1.5563E-7	7.9980E-2	2.7503E-13
1.0000E-1	2.2678E-7	2.2678E-7	9.9949E-2	4.0076E-13
1.2000E-1	2.9882E-7	2.9882E-7	1.1995E-1	5.2806E-13
1.4000E-1	3.6558E-7	3.6558E-7	1.3997E-1	6.4604E-13
1.6000E-1	4.5128E-7	4.5128E-7	1.5997E-1	7.9749E-13
1.8000E-1	5.2349E-7	5.2349E-7	1.8000E-1	9.2508E-13
2.0000E-1	6.0327E-7	6.0327E-7	1.9998E-1	1.0661E-12
2.2000E-1	7.1411E-7	7.1411E-7	2.2001E-1	1.2619E-12
2.4000E-1	8.2281E-7	8.2281E-7	2.4001E-1	1.4540E-12
2.6000E-1	9.7273E-7	9.7273E-7	2.6004E-1	1.7190E-12
2.8000E-1	1.0789E-6	1.0789E-6	2.8004E-1	1.9065E-12
3.0000E-1	1.2506E-6	1.2506E-6	3.0001E-1	2.2099E-12
3.2000E-1	1.3888E-6	1.3888E-6	3.2002E-1	2.4543E-12
3.4000E-1	1.5160E-6	1.5160E-6	3.3997E-1	2.6790E-12
3.6000E-1	1.6600E-6	1.6600E-6	3.5998E-1	2.9334E-12
3.8000E-1	1.8268E-6	1.8268E-6	3.7998E-1	3.2282E-12
4.0000E-1	2.0926E-6	2.0926E-6	3.9995E-1	3.6978E-12
4.2000E-1	2.4437E-6	2.4437E-6	4.1999E-1	4.3184E-12
4.4000E-1	2.7719E-6	2.7719E-6	4.3999E-1	4.8983E-12
4.6000E-1	2.8939E-6	2.8939E-6	4.6002E-1	5.1139E-12
4.8000E-1	3.2440E-6	3.2440E-6	4.8004E-1	5.7326E-12
5.0000E-1	3.7200E-6	3.7200E-6	5.0004E-1	6.5738E-12
5.2000E-1	3.9379E-6	3.9379E-6	5.2007E-1	6.9588E-12
5.4000E-1	4.4621E-6	4.4621E-6	5.4006E-1	7.8851E-12
5.6000E-1	4.9337E-6	4.9337E-6	5.6006E-1	8.7185E-12
5.8000E-1	5.4286E-6	5.4286E-6	5.8004E-1	9.5931E-12
6.0000E-1	6.3730E-6	6.3730E-6	6.0003E-1	1.1262E-11
6.2000E-1	6.6237E-6	6.6237E-6	6.2003E-1	1.1705E-11
6.4000E-1	7.2513E-6	7.2513E-6	6.4000E-1	1.2814E-11
6.6000E-1	8.0841E-6	8.0841E-6	6.6000E-1	1.4286E-11
6.8000E-1	9.6804E-6	9.6804E-6	6.8000E-1	1.7107E-11
7.0000E-1	9.9220E-6	9.9220E-6	7.0002E-1	1.7534E-11
7.2000E-1	1.1162E-5	1.1162E-5	7.2005E-1	1.9725E-11
7.4000E-1	1.2562E-5	1.2562E-5	7.4004E-1	2.2199E-11
7.6000E-1	1.4454E-5	1.4454E-5	7.6007E-1	2.5543E-11
7.8000E-1	1.7054E-5	1.7054E-5	7.8006E-1	3.0136E-11
8.0000E-1	1.9769E-5	1.9769E-5	8.0009E-1	3.4934E-11
8.2000E-1	1.9768E-5	1.9768E-5	8.2010E-1	3.4933E-11
8.4000E-1	2.1432E-5	2.1432E-5	8.4007E-1	3.7874E-11
8.6000E-1	2.3517E-5	2.3517E-5	8.6007E-1	4.1558E-11
8.8000E-1	2.8827E-5	2.8827E-5	8.8003E-1	5.0941E-11
9.0000E-1	3.2796E-5	3.2796E-5	9.0003E-1	5.7955E-11
9.2000E-1	3.4743E-5	3.4743E-5	9.2001E-1	6.1396E-11
9.4000E-1	4.4803E-5	4.4803E-5	9.4002E-1	7.9173E-11
9.6000E-1	4.3832E-5	4.3832E-5	9.6005E-1	7.7458E-11
9.8000E-1	4.9017E-5	4.9017E-5	9.8005E-1	8.6620E-11
1.0000E+0	5.1402E-5	5.1402E-5	9.6604E-1	9.0835E-11
9.8000E-1	4.8629E-5	4.8629E-5	9.8005E-1	8.5935E-11
9.6000E-1	4.3058E-5	4.3058E-5	9.6005E-1	7.6090E-11
9.4000E-1	3.4256E-5	3.4256E-5	9.4001E-1	6.0536E-11
9.2000E-1	3.2930E-5	3.2930E-5	9.2000E-1	5.8192E-11
9.0000E-1	2.7817E-5	2.7817E-5	9.0003E-1	4.9157E-11
8.8000E-1	2.2518E-5	2.2518E-5	8.8003E-1	3.9793E-11
8.6000E-1	2.1340E-5	2.1340E-5	8.6007E-1	3.7712E-11
8.4000E-1	1.7319E-5	1.7319E-5	8.4007E-1	3.0606E-11
8.2000E-1	1.5661E-5	1.5661E-5	8.2010E-1	2.7674E-11
8.0000E-1	1.4662E-5	1.4662E-5	8.0009E-1	2.5909E-11
7.8000E-1	1.1823E-5	1.1823E-5	7.8006E-1	2.0892E-11
7.6000E-1	1.0413E-5	1.0413E-5	7.6006E-1	1.8402E-11
7.4000E-1	9.2851E-6	9.2851E-6	7.4004E-1	1.6408E-11
7.2000E-1	8.4538E-6	8.4538E-6	7.2005E-1	1.4939E-11
7.0000E-1	7.3252E-6	7.3252E-6	7.0002E-1	1.2945E-11
6.8000E-1	6.5797E-6	6.5797E-6	6.7999E-1	1.1627E-11
6.6000E-1	5.6680E-6	5.6680E-6	6.6000E-1	1.0016E-11
6.4000E-1	5.3339E-6	5.3339E-6	6.4000E-1	9.4258E-12
6.2000E-1	4.4238E-6	4.4238E-6	6.2003E-1	7.8176E-12
6.0000E-1	4.1370E-6	4.1370E-6	6.0003E-1	7.3108E-12
5.8000E-1	3.7060E-6	3.7060E-6	5.8003E-1	6.5491E-12
5.6000E-1	3.2154E-6	3.2154E-6	5.6006E-1	5.6821E-12
5.4000E-1	2.9393E-6	2.9393E-6	5.4006E-1	5.1942E-12
5.2000E-1	2.6665E-6	2.6665E-6	5.2007E-1	4.7121E-12
5.0000E-1	2.3320E-6	2.3320E-6	5.0004E-1	4.1209E-12
4.8000E-1	2.0550E-6	2.0550E-6	4.8004E-1	3.6315E-12
4.6000E-1	1.8937E-6	1.8937E-6	4.6002E-1	3.3464E-12
4.4000E-1	1.6244E-6	1.6244E-6	4.3999E-1	2.8706E-12
4.2000E-1	1.4595E-6	1.4595E-6	4.1999E-1	2.5791E-12
4.0000E-1	1.2419E-6	1.2419E-6	3.9995E-1	2.1946E-12
3.8000E-1	1.1243E-6	1.1243E-6	3.7998E-1	1.9869E-12
3.6000E-1	1.0174E-6	1.0174E-6	3.5998E-1	1.7979E-12
3.4000E-1	8.8764E-7	8.8764E-7	3.3997E-1	1.5686E-12
3.2000E-1	7.9719E-7	7.9719E-7	3.2002E-1	1.4088E-12
3.0000E-1	6.8608E-7	6.8608E-7	3.0001E-1	1.2124E-12
2.8000E-1	6.1261E-7	6.1261E-7	2.8004E-1	1.0826E-12
2.6000E-1	5.2837E-7	5.2837E-7	2.6004E-1	9.3371E-13
2.4000E-1	4.5607E-7	4.5607E-7	2.4001E-1	8.0594E-13
2.2000E-1	3.8033E-7	3.8033E-7	2.2001E-1	6.7209E-13
2.0000E-1	3.1119E-7	3.1119E-7	1.9998E-1	5.4992E-13
1.8000E-1	2.4079E-7	2.4079E-7	1.8000E-1	4.2551E-13
1.6000E-1	1.9066E-7	1.9066E-7	1.5997E-1	3.3693E-13
1.4000E-1	1.5885E-7	1.5885E-7	1.3997E-1	2.8072E-13
1.2000E-1	1.1353E-7	1.1353E-7	1.1995E-1	2.0063E-13
1.0000E-1	7.1803E-8	7.1803E-8	9.9950E-2	1.2689E-13
8.0000E-2	4.0651E-8	4.0651E-8	7.9980E-2	7.1837E-14
6.0000E-2	5.8323E-9	-5.8323E-9	5.9990E-2	-1.0306E-14
4.0000E-2	2.9973E-8	-2.9973E-8	4.0022E-2	-5.2966E-14
2.0000E-2	6.6180E-8	-6.6180E-8	2.0018E-2	-1.1695E-13
0.0000E+0	9.8043E-8	-9.8043E-8	1.6615E-5	-1.7326E-13
-2.0000E-2	1.3237E-7	-1.3237E-7	-1.9929E-2	-2.3392E-13
-4.0000E-2	1.6359E-7	-1.6359E-7	-3.9934E-2	-2.8908E-13
-6.0000E-2	1.9762E-7	-1.9762E-7	-5.9904E-2	-3.4923E-13
-8.0000E-2	2.5005E-7	-2.5005E-7	-7.9897E-2	-4.4187E-13
-1.0000E-1	2.6498E-7	-2.6498E-7	-9.9872E-2	-4.6826E-13
-1.2000E-1	3.0364E-7	-3.0364E-7	-1.1988E-1	-5.3657E-13
-1.4000E-1	3.1671E-7	-3.1671E-7	-1.3987E-1	-5.5967E-13
-1.6000E-1	3.9495E-7	-3.9495E-7	-1.5990E-1	-6.9793E-13
-1.8000E-1	4.3833E-7	-4.3833E-7	-1.7990E-1	-7.7458E-13
-2.0000E-1	5.3217E-7	-5.3217E-7	-1.9992E-1	-9.4042E-13
-2.2000E-1	6.3104E-7	-6.3104E-7	-2.1992E-1	-1.1151E-12
-2.4000E-1	7.7031E-7	-7.7031E-7	-2.3995E-1	-1.3612E-12
-2.6000E-1	9.8561E-7	-9.8561E-7	-2.5995E-1	-1.7417E-12
-2.8000E-1	1.4162E-6	-1.4162E-6	-2.7996E-1	-2.5026E-12
-3.0000E-1	1.6565E-6	-1.6565E-6	-2.9997E-1	-2.9272E-12
-3.2000E-1	2.0396E-6	-2.0396E-6	-3.1994E-1	-3.6042E-12
-3.4000E-1	2.5123E-6	-2.5123E-6	-3.3993E-1	-4.4397E-12
-3.6000E-1	3.1405E-6	-3.1405E-6	-3.5990E-1	-5.5497E-12
-3.8000E-1	3.6875E-6	-3.6875E-6	-3.7991E-1	-6.5164E-12
-4.0000E-1	4.8976E-6	-4.8976E-6	-3.9989E-1	-8.6547E-12
-4.2000E-1	6.3729E-6	-6.3729E-6	-4.1992E-1	-1.1262E-11
-4.4000E-1	7.7997E-6	-7.7997E-6	-4.3993E-1	-1.3783E-11
-4.6000E-1	9.5950E-6	-9.5950E-6	-4.5996E-1	-1.6956E-11
-4.8000E-1	1.1147E-5	-1.1147E-5	-4.7995E-1	-1.9698E-11
-5.0000E-1	1.5116E-5	-1.5116E-5	-4.9999E-1	-2.6712E-11
-5.2000E-1	1.9496E-5	-1.9496E-5	-5.1999E-1	-3.4452E-11
-5.4000E-1	2.5791E-5	-2.5791E-5	-5.4002E-1	-4.5577E-11
-5.6000E-1	2.9390E-5	-2.9390E-5	-5.5999E-1	-5.1937E-11
-5.8000E-1	3.9117E-5	-3.9117E-5	-5.8000E-1	-6.9126E-11
-6.0000E-1	4.6816E-5	-4.6816E-5	-5.9996E-1	-8.2730E-11
-6.2000E-1	5.1054E-5	-5.1054E-5	-6.1996E-1	-9.0220E-11
-6.4000E-1	6.9015E-5	-6.9015E-5	-6.3993E-1	-1.2196E-10
-6.6000E-1	8.4120E-5	-8.4120E-5	-6.5994E-1	-1.4865E-10
-6.8000E-1	1.0577E-4	-1.0577E-4	-6.7996E-1	-1.8692E-10
-7.0000E-1	1.3415E-4	-1.3415E-4	-6.9996E-1	-2.3707E-10
-7.2000E-1	1.6915E-4	-1.6915E-4	-7.1999E-1	-2.9891E-10
-7.4000E-1	2.0791E-4	-2.0791E-4	-7.3998E-1	-3.6740E-10
-7.6000E-1	2.5561E-4	-2.5561E-4	-7.6001E-1	-4.5170E-10
-7.8000E-1	3.0539E-4	-3.0539E-4	-7.8001E-1	-5.3966E-10
-8.0000E-1	3.9735E-4	-3.9735E-4	-8.0005E-1	-7.0218E-10
-8.2000E-1	4.7131E-4	-4.7131E-4	-8.2002E-1	-8.3286E-10
-8.4000E-1	5.4685E-4	-5.4685E-4	-8.4002E-1	-9.6637E-10
-8.6000E-1	6.8583E-4	-6.8583E-4	-8.5999E-1	-1.2120E-9
-8.8000E-1	8.2440E-4	-8.2440E-4	-8.7998E-1	-1.4568E-9
-9.0000E-1	9.8526E-4	-9.8526E-4	-8.9995E-1	-1.7411E-9
-9.2000E-1	1.1749E-3	-1.1749E-3	-9.1996E-1	-2.0762E-9
-9.4000E-1	1.4140E-3	-1.4140E-3	-9.3994E-1	-2.4988E-9
-9.6000E-1	1.7010E-3	-1.7010E-3	-9.5997E-1	-3.0059E-9
-9.8000E-1	2.0412E-3	-2.0412E-3	-9.7997E-1	-3.6071E-9
-1.0000E+0	2.3806E-3	-2.3806E-3	-1.0000E+0	-4.2068E-9
-9.8000E-1	2.0597E-3	-2.0597E-3	-9.7997E-1	-3.6398E-9
-9.6000E-1	1.7540E-3	-1.7540E-3	-9.5997E-1	-3.0996E-9
-9.4000E-1	1.5109E-3	-1.5109E-3	-9.3994E-1	-2.6700E-9
-9.2000E-1	1.2932E-3	-1.2932E-3	-9.1996E-1	-2.2853E-9
-9.0000E-1	1.1320E-3	-1.1320E-3	-8.9996E-1	-2.0003E-9
-8.8000E-1	9.2063E-4	-9.2063E-4	-8.7998E-1	-1.6269E-9
-8.6000E-1	7.9223E-4	-7.9223E-4	-8.5999E-1	-1.4000E-9
-8.4000E-1	6.8953E-4	-6.8953E-4	-8.4002E-1	-1.2185E-9
-8.2000E-1	5.9498E-4	-5.9498E-4	-8.2001E-1	-1.0514E-9
-8.0000E-1	4.7106E-4	-4.7106E-4	-8.0003E-1	-8.3244E-10
-7.8000E-1	3.9089E-4	-3.9089E-4	-7.8001E-1	-6.9077E-10
-7.6000E-1	3.2535E-4	-3.2535E-4	-7.6002E-1	-5.7495E-10
-7.4000E-1	2.9556E-4	-2.9556E-4	-7.3998E-1	-5.2230E-10
-7.2000E-1	2.4842E-4	-2.4842E-4	-7.2000E-1	-4.3899E-10
-7.0000E-1	2.1253E-4	-2.1253E-4	-6.9996E-1	-3.7557E-10
-6.8000E-1	1.7354E-4	-1.7354E-4	-6.7997E-1	-3.0668E-10
-6.6000E-1	1.5177E-4	-1.5177E-4	-6.5994E-1	-2.6820E-10
-6.4000E-1	1.2678E-4	-1.2678E-4	-6.3993E-1	-2.2404E-10
-6.2000E-1	1.0691E-4	-1.0691E-4	-6.1996E-1	-1.8893E-10
-6.0000E-1	8.8885E-5	-8.8885E-5	-5.9995E-1	-1.5707E-10
-5.8000E-1	7.1601E-5	-7.1601E-5	-5.7999E-1	-1.2653E-10
-5.6000E-1	5.8950E-5	-5.8950E-5	-5.5999E-1	-1.0417E-10
-5.4000E-1	4.4836E-5	-4.4836E-5	-5.4002E-1	-7.9231E-11
-5.2000E-1	3.8086E-5	-3.8086E-5	-5.2000E-1	-6.7303E-11
-5.0000E-1	2.9986E-5	-2.9986E-5	-4.9999E-1	-5.2990E-11
-4.8000E-1	2.4321E-5	-2.4321E-5	-4.7996E-1	-4.2978E-11
-4.6000E-1	1.9710E-5	-1.9710E-5	-4.5997E-1	-3.4830E-11
-4.4000E-1	1.6150E-5	-1.6150E-5	-4.3993E-1	-2.8540E-11
-4.2000E-1	1.3690E-5	-1.3690E-5	-4.1993E-1	-2.4192E-11
-4.0000E-1	1.1090E-5	-1.1090E-5	-3.9989E-1	-1.9597E-11
-3.8000E-1	8.7103E-6	-8.7103E-6	-3.7991E-1	-1.5392E-11
-3.6000E-1	7.2346E-6	-7.2346E-6	-3.5991E-1	-1.2785E-11
-3.4000E-1	5.2229E-6	-5.2229E-6	-3.3993E-1	-9.2297E-12
-3.2000E-1	4.3282E-6	-4.3282E-6	-3.1994E-1	-7.6486E-12
-3.0000E-1	3.1591E-6	-3.1591E-6	-2.9997E-1	-5.5825E-12
-2.8000E-1	2.2371E-6	-2.2371E-6	-2.7996E-1	-3.9532E-12
-2.6000E-1	1.7658E-6	-1.7658E-6	-2.5995E-1	-3.1204E-12
-2.4000E-1	1.4498E-6	-1.4498E-6	-2.3995E-1	-2.5621E-12
-2.2000E-1	1.1096E-6	-1.1096E-6	-2.1992E-1	-1.9608E-12
-2.0000E-1	8.5827E-7	-8.5827E-7	-1.9992E-1	-1.5167E-12
-1.8000E-1	6.7980E-7	-6.7980E-7	-1.7990E-1	-1.2013E-12
-1.6000E-1	5.4244E-7	-5.4244E-7	-1.5990E-1	-9.5857E-13
-1.4000E-1	4.6181E-7	-4.6181E-7	-1.3987E-1	-8.1609E-13
-1.2000E-1	3.7142E-7	-3.7142E-7	-1.1987E-1	-6.5636E-13
-1.0000E-1	3.0110E-7	-3.0110E-7	-9.9871E-2	-5.3209E-13
-8.0000E-2	2.3766E-7	-2.3766E-7	-7.9898E-2	-4.1998E-13
-6.0000E-2	1.8222E-7	-1.8222E-7	-5.9904E-2	-3.2201E-13
-4.0000E-2	1.4678E-7	-1.4678E-7	-3.9933E-2	-2.5939E-13
-2.0000E-2	1.0381E-7	-1.0381E-7	-1.9926E-2	-1.8345E-13
-0.0000E+0	6.0022E-8	-6.0022E-8	4.6769E-5	-1.0607E-13
0.0000E+0	8.7718E-8	-8.7718E-8	4.5393E-5	-1.5501E-13
2.0000E-2	3.9794E-8	-3.9794E-8	2.0018E-2	-7.0323E-14
4.0000E-2	7.3969E-9	-7.3969E-9	4.0020E-2	-1.3071E-14
6.0000E-2	2.1774E-9	2.1774E-9	5.9989E-2	3.8478E-15
8.0000E-2	5.6371E-8	5.6371E-8	7.9977E-2	9.9617E-14
1.0000E-1	9.6657E-8	9.6657E-8	9.9949E-2	1.7081E-13
1.2000E-1	1.1665E-7	1.1665E-7	1.1995E-1	2.0614E-13
1.4000E-1	1.6987E-7	1.6987E-7	1.3997E-1	3.0019E-13
1.6000E-1	2.2638E-7	2.2638E-7	1.5997E-1	4.0004E-13
1.8000E-1	3.0681E-7	3.0681E-7	1.8000E-1	5.4218E-13
2.0000E-1	3.6925E-7	3.6925E-7	1.9998E-1	6.5252E-13
2.2000E-1	4.2816E-7	4.2816E-7	2.2001E-1	7.5662E-13
2.4000E-1	5.0346E-7	5.0346E-7	2.4001E-1	8.8969E-13
2.6000E-1	5.7254E-7	5.7254E-7	2.6003E-1	1.0118E-12
2.8000E-1	6.6664E-7	6.6664E-7	2.8004E-1	1.1780E-12
3.0000E-1	7.5618E-7	7.5618E-7	3.0001E-1	1.3363E-12
3.2000E-1	8.9165E-7	8.9165E-7	3.2001E-1	1.5757E-12
3.4000E-1	1.0108E-6	1.0108E-6	3.3997E-1	1.7862E-12
3.6000E-1	1.1297E-6	1.1297E-6	3.5998E-1	1.9964E-12
3.8000E-1	1.3124E-6	1.3124E-6	3.7998E-1	2.3193E-12
4.0000E-1	1.5413E-6	1.5413E-6	3.9995E-1	2.7237E-12
4.2000E-1	1.7024E-6	1.7024E-6	4.1999E-1	3.0084E-12
4.4000E-1	1.9279E-6	1.9279E-6	4.3999E-1	3.4068E-12
4.6000E-1	2.1296E-6	2.1296E-6	4.6002E-1	3.7634E-12
4.8000E-1	2.3577E-6	2.3577E-6	4.8004E-1	4.1664E-12
5.0000E-1	2.7448E-6	2.7448E-6	5.0004E-1	4.8505E-12
5.2000E-1	3.0064E-6	3.0064E-6	5.2007E-1	5.3127E-12
5.4000E-1	3.3155E-6	3.3155E-6	5.4006E-1	5.8590E-12
5.6000E-1	3.7674E-6	3.7674E-6	5.6006E-1	6.6576E-12
5.8000E-1	4.0343E-6	4.0343E-6	5.8003E-1	7.1293E-12
6.0000E-1	4.4667E-6	4.4667E-6	6.0003E-1	7.8933E-12
6.2000E-1	4.8289E-6	4.8289E-6	6.2003E-1	8.5335E-12
6.4000E-1	5.6370E-6	5.6370E-6	6.4000E-1	9.9613E-12
6.6000E-1	6.1098E-6	6.1098E-6	6.6000E-1	1.0797E-11
6.8000E-1	6.7545E-6	6.7545E-6	6.7999E-1	1.1936E-11
7.0000E-1	7.4853E-6	7.4853E-6	7.0002E-1	1.3228E-11
7.2000E-1	8.4791E-6	8.4791E-6	7.2005E-1	1.4984E-11
7.4000E-1	9.4610E-6	9.4610E-6	7.4004E-1	1.6719E-11
7.6000E-1	1.0814E-5	1.0814E-5	7.6007E-1	1.9111E-11
7.8000E-1	1.2862E-5	1.2862E-5	7.8006E-1	2.2728E-11
8.0000E-1	1.2657E-5	1.2657E-5	8.0009E-1	2.2368E-11
8.2000E-1	1.5251E-5	1.5251E-5	8.2009E-1	2.6951E-11
8.4000E-1	1.8115E-5	1.8115E-5	8.4007E-1	3.2011E-11
8.6000E-1	2.0156E-5	2.0156E-5	8.6007E-1	3.5619E-11
8.8000E-1	2.2002E-5	2.2002E-5	8.8003E-1	3.8881E-11
9.0000E-1	2.5062E-5	2.5062E-5	9.0003E-1	4.4288E-11
9.2000E-1	3.1191E-5	3.1191E-5	9.2000E-1	5.5119E-11
9.4000E-1	3.3255E-5	3.3255E-5	9.4002E-1	5.8766E-11
9.6000E-1	3.5167E-5	3.5167E-5	9.6005E-1	6.2145E-11
9.8000E-1	3.9393E-5	3.9393E-5	9.8004E-1	6.9613E-11
1.0000E+0	4.2363E-5	4.2363E-5	1.0001E+0	7.4862E-11
9.8000E-1	3.8964E-5	3.8964E-5	9.8004E-1	6.8855E-11
9.6000E-1	3.5354E-5	3.5354E-5	9.6005E-1	6.2475E-11
9.4000E-1	3.4429E-5	3.4429E-5	9.4002E-1	6.0841E-11
9.2000E-1	3.0062E-5	3.0062E-5	9.2001E-1	5.3124E-11
9.0000E-1	2.2726E-5	2.2726E-5	9.0003E-1	4.0160E-11
8.8000E-1	2.1253E-5	2.1253E-5	8.8003E-1	3.7558E-11
8.6000E-1	2.1060E-5	2.1060E-5	8.6007E-1	3.7217E-11
8.4000E-1	1.5201E-5	1.5201E-5	8.4007E-1	2.6863E-11
8.2000E-1	1.3234E-5	1.3234E-5	8.2009E-1	2.3386E-11
8.0000E-1	1.2379E-5	1.2379E-5	8.0009E-1	2.1875E-11
7.8000E-1	2.8126E-5	2.8126E-5	7.8007E-1	4.9702E-11
7.6000E-1	2.2062E-5	2.2062E-5	7.6007E-1	3.8987E-11
7.4000E-1	9.9233E-6	9.9233E-6	7.4004E-1	1.7536E-11
7.2000E-1	1.4743E-5	1.4743E-5	7.2005E-1	2.6053E-11
7.0000E-1	1.3340E-5	1.3340E-5	7.0002E-1	2.3574E-11
6.8000E-1	1.2896E-5	1.2896E-5	6.8000E-1	2.2788E-11
6.6000E-1	1.3668E-5	1.3668E-5	6.6001E-1	2.4154E-11
6.4000E-1	4.1663E-6	4.1663E-6	6.4000E-1	7.3624E-12
6.2000E-1	7.5362E-6	7.5362E-6	6.2003E-1	1.3318E-11
6.0000E-1	1.7263E-5	1.7263E-5	6.0003E-1	3.0506E-11
5.8000E-1	9.6493E-6	9.6493E-6	5.8004E-1	1.7052E-11
5.6000E-1	7.5751E-6	7.5751E-6	5.6007E-1	1.3386E-11
5.4000E-1	2.5816E-6	2.5816E-6	5.4006E-1	4.5620E-12
5.2000E-1	2.1100E-6	2.1100E-6	5.2007E-1	3.7287E-12
5.0000E-1	1.7152E-6	1.7152E-6	5.0004E-1	3.0310E-12
4.8000E-1	1.5499E-6	1.5499E-6	4.8004E-1	2.7388E-12
4.6000E-1	1.3059E-6	1.3059E-6	4.6002E-1	2.3077E-12
4.4000E-1	1.1560E-6	1.1560E-6	4.3999E-1	2.0428E-12
4.2000E-1	1.0271E-6	1.0271E-6	4.1999E-1	1.8151E-12
4.0000E-1	9.1348E-7	9.1348E-7	3.9995E-1	1.6142E-12
3.8000E-1	8.1831E-7	8.1831E-7	3.7998E-1	1.4461E-12
3.6000E-1	7.1285E-7	7.1285E-7	3.5998E-1	1.2597E-12
3.4000E-1	6.1990E-7	6.1990E-7	3.3997E-1	1.0955E-12
3.2000E-1	5.5453E-7	5.5453E-7	3.2002E-1	9.7993E-13
3.0000E-1	4.7198E-7	4.7198E-7	3.0001E-1	8.3406E-13
2.8000E-1	4.1862E-7	4.1862E-7	2.8004E-1	7.3976E-13
2.6000E-1	3.3673E-7	3.3673E-7	2.6003E-1	5.9505E-13
2.4000E-1	2.8066E-7	2.8066E-7	2.4001E-1	4.9597E-13
2.2000E-1	2.3098E-7	2.3098E-7	2.2001E-1	4.0817E-13
2.0000E-1	1.8028E-7	1.8028E-7	1.9998E-1	3.1858E-13
1.8000E-1	1.5180E-7	1.5180E-7	1.8000E-1	2.6825E-13
1.6000E-1	1.0736E-7	1.0736E-7	1.5997E-1	1.8972E-13
1.4000E-1	6.3277E-8	6.3277E-8	1.3997E-1	1.1182E-13
1.2000E-1	3.6660E-8	3.6660E-8	1.1995E-1	6.4783E-14
1.0000E-1	1.5682E-9	-1.5682E-9	9.9950E-2	-2.7713E-15
8.0000E-2	1.9714E-9	-1.9714E-9	7.9978E-2	-3.4837E-15
6.0000E-2	2.9445E-8	-2.9445E-8	5.9989E-2	-5.2033E-14
4.0000E-2	4.8667E-8	-4.8667E-8	4.0022E-2	-8.6001E-14
2.0000E-2	7.2881E-8	-7.2881E-8	2.0018E-2	-1.2879E-13
0.0000E+0	9.4885E-8	-9.4885E-8	1.6649E-5	-1.6768E-13
-2.0000E-2	1.1842E-7	-1.1842E-7	-1.9928E-2	-2.0927E-13
-4.0000E-2	1.3920E-7	-1.3920E-7	-3.9933E-2	-2.4599E-13
-6.0000E-2	1.5252E-7	-1.5252E-7	-5.9903E-2	-2.6953E-13
-8.0000E-2	1.8518E-7	-1.8518E-7	-7.9897E-2	-3.2724E-13
-1.0000E-1	2.1261E-7	-2.1261E-7	-9.9872E-2	-3.7571E-13
-1.2000E-1	2.7952E-7	-2.7952E-7	-1.1988E-1	-4.9395E-13
-1.4000E-1	2.7522E-7	-2.7522E-7	-1.3987E-1	-4.8635E-13
-1.6000E-1	3.1248E-7	-3.1248E-7	-1.5990E-1	-5.5220E-13
-1.8000E-1	3.4614E-7	-3.4614E-7	-1.7990E-1	-6.1167E-13
-2.0000E-1	3.8728E-7	-3.8728E-7	-1.9992E-1	-6.8439E-13
-2.2000E-1	4.6648E-7	-4.6648E-7	-2.1992E-1	-8.2434E-13
-2.4000E-1	5.6104E-7	-5.6104E-7	-2.3995E-1	-9.9144E-13
-2.6000E-1	7.4571E-7	-7.4571E-7	-2.5995E-1	-1.3178E-12
-2.8000E-1	9.1477E-7	-9.1477E-7	-2.7996E-1	-1.6165E-12
-3.0000E-1	1.2224E-6	-1.2224E-6	-2.9997E-1	-2.1601E-12
-3.2000E-1	1.3792E-6	-1.3792E-6	-3.1994E-1	-2.4373E-12
-3.4000E-1	1.6428E-6	-1.6428E-6	-3.3993E-1	-2.9030E-12
-3.6000E-1	2.0677E-6	-2.0677E-6	-3.5990E-1	-3.6540E-12
-3.8000E-1	2.6789E-6	-2.6789E-6	-3.7991E-1	-4.7340E-12
-4.0000E-1	3.9901E-6	-3.9901E-6	-3.9989E-1	-7.0510E-12
-4.2000E-1	4.8095E-6	-4.8095E-6	-4.1992E-1	-8.4991E-12
-4.4000E-1	5.6051E-6	-5.6051E-6	-4.3993E-1	-9.9049E-12
-4.6000E-1	7.0301E-6	-7.0301E-6	-4.5996E-1	-1.2423E-11
-4.8000E-1	9.0519E-6	-9.0519E-6	-4.7995E-1	-1.5996E-11
-5.0000E-1	1.1335E-5	-1.1335E-5	-4.9999E-1	-2.0031E-11
-5.2000E-1	1.3706E-5	-1.3706E-5	-5.1999E-1	-2.4220E-11
-5.4000E-1	1.8057E-5	-1.8057E-5	-5.4001E-1	-3.1910E-11
-5.6000E-1	2.2251E-5	-2.2251E-5	-5.5999E-1	-3.9321E-11
-5.8000E-1	2.8357E-5	-2.8357E-5	-5.8000E-1	-5.0111E-11
-6.0000E-1	3.4088E-5	-3.4088E-5	-5.9996E-1	-6.0238E-11
-6.2000E-1	4.3329E-5	-4.3329E-5	-6.1997E-1	-7.6568E-11
-6.4000E-1	4.4104E-5	-4.4104E-5	-6.3993E-1	-7.7939E-11
-6.6000E-1	6.6176E-5	-6.6176E-5	-6.5994E-1	-1.1694E-10
-6.8000E-1	8.2909E-5	-8.2909E-5	-6.7996E-1	-1.4651E-10
-7.0000E-1	1.0062E-4	-1.0062E-4	-6.9996E-1	-1.7780E-10
-7.2000E-1	1.2716E-4	-1.2716E-4	-7.1999E-1	-2.2470E-10
-7.4000E-1	1.5377E-4	-1.5377E-4	-7.3998E-1	-2.7173E-10
-7.6000E-1	1.8445E-4	-1.8445E-4	-7.6001E-1	-3.2595E-10
-7.8000E-1	2.3513E-4	-2.3513E-4	-7.8001E-1	-4.1552E-10
-8.0000E-1	2.8056E-4	-2.8056E-4	-8.0004E-1	-4.9579E-10
-8.2000E-1	3.3379E-4	-3.3379E-4	-8.2002E-1	-5.8985E-10
-8.4000E-1	4.2469E-4	-4.2469E-4	-8.4003E-1	-7.5048E-10
-8.6000E-1	4.9495E-4	-4.9495E-4	-8.5610E-1	-8.7465E-10
-8.8000E-1	5.6695E-4	-5.6695E-4	-8.7998E-1	-1.0019E-9
-9.0000E-1	7.0106E-4	-7.0106E-4	-8.9995E-1	-1.2389E-9
-9.2000E-1	8.3842E-4	-8.3842E-4	-9.1996E-1	-1.4816E-9
-9.4000E-1	1.0013E-3	-1.0013E-3	-9.3994E-1	-1.7695E-9
-9.6000E-1	1.2129E-3	-1.2129E-3	-9.5997E-1	-2.1433E-9
-9.8000E-1	1.4501E-3	-1.4501E-3	-9.7997E-1	-2.5625E-9
-1.0000E+0	1.7102E-3	-1.7102E-3	-1.0000E+0	-3.0222E-9
-9.8000E-1	1.4690E-3	-1.4690E-3	-9.7997E-1	-2.5960E-9
-9.6000E-1	1.2525E-3	-1.2525E-3	-9.5997E-1	-2.2133E-9
-9.4000E-1	1.0680E-3	-1.0680E-3	-9.3994E-1	-1.8873E-9
-9.2000E-1	9.0581E-4	-9.0581E-4	-9.1996E-1	-1.6007E-9
-9.0000E-1	7.7556E-4	-7.7556E-4	-8.9995E-1	-1.3705E-9
-8.8000E-1	6.6411E-4	-6.6411E-4	-8.7998E-1	-1.1736E-9
-8.6000E-1	5.0052E-4	-5.0052E-4	-8.4393E-1	-8.8450E-10
-8.4000E-1	4.6999E-4	-4.6999E-4	-8.4003E-1	-8.3055E-10
-8.2000E-1	3.9818E-4	-3.9818E-4	-8.2002E-1	-7.0364E-10
-8.0000E-1	3.4167E-4	-3.4167E-4	-8.0004E-1	-6.0378E-10
-7.8000E-1	2.9801E-4	-2.9801E-4	-7.8001E-1	-5.2663E-10
-7.6000E-1	2.4642E-4	-2.4642E-4	-7.6001E-1	-4.3547E-10
-7.4000E-1	2.0759E-4	-2.0759E-4	-7.3998E-1	-3.6684E-10
-7.2000E-1	1.7783E-4	-1.7783E-4	-7.1999E-1	-3.1426E-10
-7.0000E-1	1.4342E-4	-1.4342E-4	-6.9996E-1	-2.5345E-10
-6.8000E-1	1.2354E-4	-1.2354E-4	-6.7996E-1	-2.1831E-10
-6.6000E-1	1.0596E-4	-1.0596E-4	-6.5994E-1	-1.8724E-10
-6.4000E-1	8.7246E-5	-8.7246E-5	-6.3993E-1	-1.5418E-10
-6.2000E-1	7.3172E-5	-7.3172E-5	-6.1996E-1	-1.2930E-10
-6.0000E-1	5.7323E-5	-5.7323E-5	-5.9995E-1	-1.0130E-10
-5.8000E-1	4.5496E-5	-4.5496E-5	-5.8000E-1	-8.0398E-11
-5.6000E-1	3.9832E-5	-3.9832E-5	-5.5999E-1	-7.0389E-11
-5.4000E-1	3.2553E-5	-3.2553E-5	-5.4002E-1	-5.7526E-11
-5.2000E-1	2.6549E-5	-2.6549E-5	-5.1999E-1	-4.6917E-11
-5.0000E-1	2.2083E-5	-2.2083E-5	-4.9999E-1	-3.9023E-11
-4.8000E-1	1.8206E-5	-1.8206E-5	-4.7995E-1	-3.2172E-11
-4.6000E-1	1.5163E-5	-1.5163E-5	-4.5996E-1	-2.6795E-11
-4.4000E-1	1.1613E-5	-1.1613E-5	-4.3993E-1	-2.0522E-11
-4.2000E-1	9.3734E-6	-9.3734E-6	-4.1992E-1	-1.6564E-11
-4.0000E-1	7.8675E-6	-7.8675E-6	-3.9989E-1	-1.3903E-11
-3.8000E-1	6.1104E-6	-6.1104E-6	-3.7991E-1	-1.0798E-11
-3.6000E-1	4.6864E-6	-4.6864E-6	-3.5991E-1	-8.2815E-12
-3.4000E-1	3.9749E-6	-3.9749E-6	-3.3993E-1	-7.0243E-12
-3.2000E-1	3.1792E-6	-3.1792E-6	-3.1994E-1	-5.6182E-12
-3.0000E-1	2.4253E-6	-2.4253E-6	-2.9996E-1	-4.2858E-12
-2.8000E-1	1.8438E-6	-1.8438E-6	-2.7996E-1	-3.2582E-12
-2.6000E-1	1.3950E-6	-1.3950E-6	-2.5995E-1	-2.4651E-12
-2.4000E-1	1.1329E-6	-1.1329E-6	-2.3995E-1	-2.0020E-12
-2.2000E-1	8.8384E-7	-8.8384E-7	-2.1992E-1	-1.5619E-12
-2.0000E-1	6.5257E-7	-6.5257E-7	-1.9992E-1	-1.1532E-12
-1.8000E-1	5.3441E-7	-5.3441E-7	-1.7990E-1	-9.4437E-13
-1.6000E-1	4.2416E-7	-4.2416E-7	-1.5990E-1	-7.4955E-13
-1.4000E-1	3.3524E-7	-3.3524E-7	-1.3987E-1	-5.9242E-13
-1.2000E-1	2.7666E-7	-2.7666E-7	-1.1988E-1	-4.8890E-13
-1.0000E-1	2.2035E-7	-2.2035E-7	-9.9871E-2	-3.8939E-13
-8.0000E-2	1.9630E-7	-1.9630E-7	-7.9897E-2	-3.4688E-13
-6.0000E-2	1.5593E-7	-1.5593E-7	-5.9905E-2	-2.7555E-13
-4.0000E-2	1.3530E-7	-1.3530E-7	-3.9933E-2	-2.3909E-13
-2.0000E-2	1.1162E-7	-1.1162E-7	-1.9928E-2	-1.9724E-13
-0.0000E+0	7.1733E-8	-7.1733E-8	4.4721E-5	-1.2676E-13
0.0000E+0	8.4456E-8	-8.4456E-8	4.4268E-5	-1.4925E-13
2.0000E-2	5.4069E-8	-5.4069E-8	2.0018E-2	-9.5547E-14
4.0000E-2	3.3708E-8	-3.3708E-8	4.0021E-2	-5.9568E-14
6.0000E-2	7.3079E-10	-7.3079E-10	5.9989E-2	-1.2914E-15
8.0000E-2	1.8613E-8	1.8613E-8	7.9978E-2	3.2891E-14
1.0000E-1	7.0561E-9	-7.0561E-9	9.9950E-2	-1.2469E-14
1.2000E-1	7.2353E-8	7.2353E-8	1.1995E-1	1.2786E-13
1.4000E-1	1.2031E-7	1.2031E-7	1.3997E-1	2.1260E-13
1.6000E-1	1.5403E-7	1.5403E-7	1.5997E-1	2.7219E-13
1.8000E-1	1.9773E-7	1.9773E-7	1.8000E-1	3.4942E-13
2.0000E-1	2.3960E-7	2.3960E-7	1.9998E-1	4.2341E-13
2.2000E-1	2.8283E-7	2.8283E-7	2.2001E-1	4.9980E-13
2.4000E-1	3.0543E-7	3.0543E-7	2.4001E-1	5.3974E-13
2.6000E-1	4.2434E-7	4.2434E-7	2.6004E-1	7.4988E-13
2.8000E-1	4.8986E-7	4.8986E-7	2.8004E-1	8.6566E-13
3.0000E-1	5.4246E-7	5.4246E-7	3.0001E-1	9.5861E-13
3.2000E-1	6.5674E-7	6.5674E-7	3.2002E-1	1.1605E-12
3.4000E-1	9.3166E-7	9.3166E-7	3.3997E-1	1.6464E-12
3.6000E-1	8.5402E-7	8.5402E-7	3.5998E-1	1.5092E-12
3.8000E-1	1.0482E-6	1.0482E-6	3.7998E-1	1.8523E-12
4.0000E-1	1.1045E-6	1.1045E-6	3.9995E-1	1.9519E-12
4.2000E-1	1.1984E-6	1.1984E-6	4.1999E-1	2.1177E-12
4.4000E-1	1.3180E-6	1.3180E-6	4.3999E-1	2.3290E-12
4.6000E-1	1.4618E-6	1.4618E-6	4.6002E-1	2.5832E-12
4.8000E-1	1.6766E-6	1.6766E-6	4.8004E-1	2.9629E-12
5.0000E-1	1.9011E-6	1.9011E-6	5.0004E-1	3.3596E-12
5.2000E-1	2.1303E-6	2.1303E-6	5.2007E-1	3.7645E-12
5.4000E-1	2.3427E-6	2.3427E-6	5.4006E-1	4.1399E-12
5.6000E-1	2.5903E-6	2.5903E-6	5.6006E-1	4.5775E-12
5.8000E-1	2.9710E-6	2.9710E-6	5.8004E-1	5.2501E-12
6.0000E-1	3.4368E-6	3.4368E-6	6.0003E-1	6.0733E-12
6.2000E-1	3.6973E-6	3.6973E-6	6.2003E-1	6.5338E-12
6.4000E-1	4.2163E-6	4.2163E-6	6.4000E-1	7.4508E-12
6.6000E-1	6.1516E-6	6.1516E-6	6.6001E-1	1.0871E-11
6.8000E-1	7.1232E-6	7.1232E-6	6.8000E-1	1.2588E-11
7.0000E-1	7.8777E-6	7.8777E-6	7.0003E-1	1.3921E-11
7.2000E-1	7.8968E-6	7.8968E-6	7.2005E-1	1.3955E-11
7.4000E-1	7.8972E-6	7.8972E-6	7.4004E-1	1.3955E-11
7.6000E-1	1.0110E-5	1.0110E-5	7.6007E-1	1.7866E-11
7.8000E-1	9.3397E-6	9.3397E-6	7.8006E-1	1.6505E-11
8.0000E-1	1.0836E-5	1.0836E-5	8.0009E-1	1.9148E-11
8.2000E-1	1.5005E-5	1.5005E-5	8.2010E-1	2.6517E-11
8.4000E-1	1.3091E-5	1.3091E-5	8.4007E-1	2.3134E-11
8.6000E-1	1.6506E-5	1.6506E-5	8.6007E-1	2.9169E-11
8.8000E-1	1.8215E-5	1.8215E-5	8.8003E-1	3.2189E-11
9.0000E-1	2.1873E-5	2.1873E-5	9.0003E-1	3.8652E-11
9.2000E-1	2.3527E-5	2.3527E-5	9.2000E-1	4.1576E-11
9.4000E-1	2.7422E-5	2.7422E-5	9.4001E-1	4.8458E-11
9.6000E-1	3.6289E-5	3.6289E-5	9.6005E-1	6.4129E-11
9.8000E-1	3.9378E-5	3.9378E-5	9.8004E-1	6.9587E-11
1.0000E+0	4.4775E-5	4.4775E-5	1.0001E+0	7.9125E-11
9.8000E-1	3.8118E-5	3.8118E-5	9.8005E-1	6.7361E-11
9.6000E-1	3.3526E-5	3.3526E-5	9.6005E-1	5.9246E-11
9.4000E-1	2.1869E-5	2.1869E-5	9.4001E-1	3.8645E-11
9.2000E-1	1.8158E-5	1.8158E-5	9.2000E-1	3.2088E-11
9.0000E-1	1.6158E-5	1.6158E-5	9.0003E-1	2.8553E-11
8.8000E-1	1.3901E-5	1.3901E-5	8.8003E-1	2.4566E-11
8.6000E-1	1.3177E-5	1.3177E-5	8.6007E-1	2.3286E-11
8.4000E-1	1.2410E-5	1.2410E-5	8.4007E-1	2.1931E-11
8.2000E-1	1.0323E-5	1.0323E-5	8.2009E-1	1.8242E-11
8.0000E-1	8.4736E-6	8.4736E-6	8.0009E-1	1.4974E-11
7.8000E-1	7.2585E-6	7.2585E-6	7.8006E-1	1.2827E-11
7.6000E-1	6.3705E-6	6.3705E-6	7.6006E-1	1.1258E-11
7.4000E-1	5.7544E-6	5.7544E-6	7.4004E-1	1.0169E-11
7.2000E-1	5.0510E-6	5.0510E-6	7.2005E-1	8.9258E-12
7.0000E-1	4.3502E-6	4.3502E-6	7.0002E-1	7.6874E-12
6.8000E-1	3.7723E-6	3.7723E-6	6.7999E-1	6.6662E-12
6.6000E-1	3.2470E-6	3.2470E-6	6.6000E-1	5.7378E-12
6.4000E-1	2.8750E-6	2.8750E-6	6.4000E-1	5.0806E-12
6.2000E-1	2.5071E-6	2.5071E-6	6.2003E-1	4.4304E-12
6.0000E-1	2.2987E-6	2.2987E-6	6.0002E-1	4.0621E-12
5.8000E-1	2.0030E-6	2.0030E-6	5.8004E-1	3.5395E-12
5.6000E-1	1.7676E-6	1.7676E-6	5.6006E-1	3.1235E-12
5.4000E-1	1.5808E-6	1.5808E-6	5.4006E-1	2.7934E-12
5.2000E-1	1.4579E-6	1.4579E-6	5.2007E-1	2.5764E-12
5.0000E-1	1.1826E-6	1.1826E-6	5.0004E-1	2.0899E-12
4.8000E-1	1.0925E-6	1.0925E-6	4.8004E-1	1.9305E-12
4.6000E-1	9.4923E-7	9.4923E-7	4.6002E-1	1.6774E-12
4.4000E-1	8.4340E-7	8.4340E-7	4.3999E-1	1.4904E-12
4.2000E-1	7.3488E-7	7.3488E-7	4.1999E-1	1.2986E-12
4.0000E-1	6.5430E-7	6.5430E-7	3.9995E-1	1.1562E-12
3.8000E-1	5.8325E-7	5.8325E-7	3.7998E-1	1.0307E-12
3.6000E-1	5.1976E-7	5.1976E-7	3.5998E-1	9.1849E-13
3.4000E-1	4.3899E-7	4.3899E-7	3.3997E-1	7.7575E-13
3.2000E-1	3.9556E-7	3.9556E-7	3.2002E-1	6.9902E-13
3.0000E-1	3.1622E-7	3.1622E-7	3.0001E-1	5.5881E-13
2.8000E-1	2.7341E-7	2.7341E-7	2.8004E-1	4.8316E-13
2.6000E-1	2.3487E-7	2.3487E-7	2.6004E-1	4.1505E-13
2.4000E-1	1.8893E-7	1.8893E-7	2.4001E-1	3.3387E-13
2.2000E-1	1.5074E-7	1.5074E-7	2.2001E-1	2.6639E-13
2.0000E-1	1.2859E-7	1.2859E-7	1.9998E-1	2.2724E-13
1.8000E-1	7.3512E-8	7.3512E-8	1.8000E-1	1.2991E-13
1.6000E-1	7.2008E-8	7.2008E-8	1.5997E-1	1.2725E-13
1.4000E-1	3.7854E-8	3.7854E-8	1.3997E-1	6.6894E-14
1.2000E-1	2.7041E-8	2.7041E-8	1.1995E-1	4.7786E-14
1.0000E-1	3.2123E-9	3.2123E-9	9.9950E-2	5.6766E-15
8.0000E-2	2.7631E-8	-2.7631E-8	7.9979E-2	-4.8829E-14
6.0000E-2	5.2453E-8	-5.2453E-8	5.9989E-2	-9.2693E-14
4.0000E-2	6.5830E-8	-6.5830E-8	4.0021E-2	-1.1633E-13
2.0000E-2	7.8695E-8	-7.8695E-8	2.0020E-2	-1.3906E-13
0.0000E+0	1.1053E-7	-1.1053E-7	1.5995E-5	-1.9532E-13
-2.0000E-2	1.0948E-7	-1.0948E-7	-1.9928E-2	-1.9348E-13
-4.0000E-2	1.4349E-7	-1.4349E-7	-3.9933E-2	-2.5356E-13
-6.0000E-2	1.6004E-7	-1.6004E-7	-5.9903E-2	-2.8281E-13
-8.0000E-2	1.7232E-7	-1.7232E-7	-7.9897E-2	-3.0452E-13
-1.0000E-1	1.9628E-7	-1.9628E-7	-9.9870E-2	-3.4686E-13
-1.2000E-1	2.1789E-7	-2.1789E-7	-1.1988E-1	-3.8505E-13
-1.4000E-1	2.5238E-7	-2.5238E-7	-1.3987E-1	-4.4599E-13
-1.6000E-1	2.6719E-7	-2.6719E-7	-1.5990E-1	-4.7217E-13
-1.8000E-1	3.0062E-7	-3.0062E-7	-1.7990E-1	-5.3124E-13
-2.0000E-1	3.5090E-7	-3.5090E-7	-1.9992E-1	-6.2010E-13
-2.2000E-1	4.2005E-7	-4.2005E-7	-2.1992E-1	-7.4229E-13
-2.4000E-1	4.8445E-7	-4.8445E-7	-2.3995E-1	-8.5609E-13
-2.6000E-1	5.7940E-7	-5.7940E-7	-2.5995E-1	-1.0239E-12
-2.8000E-1	7.3498E-7	-7.3498E-7	-2.7996E-1	-1.2988E-12
-3.0000E-1	8.6986E-7	-8.6986E-7	-2.9996E-1	-1.5372E-12
-3.2000E-1	1.0552E-6	-1.0552E-6	-3.1994E-1	-1.8647E-12
-3.4000E-1	1.3136E-6	-1.3136E-6	-3.3993E-1	-2.3213E-12
-3.6000E-1	1.7374E-6	-1.7374E-6	-3.5990E-1	-3.0702E-12
-3.8000E-1	2.0615E-6	-2.0615E-6	-3.7991E-1	-3.6430E-12
-4.0000E-1	2.9040E-6	-2.9040E-6	-3.9989E-1	-5.1317E-12
-4.2000E-1	3.3522E-6	-3.3522E-6	-4.1992E-1	-5.9238E-12
-4.4000E-1	4.2486E-6	-4.2486E-6	-4.3993E-1	-7.5078E-12
-4.6000E-1	5.6211E-6	-5.6211E-6	-4.5996E-1	-9.9333E-12
-4.8000E-1	7.3545E-6	-7.3545E-6	-4.7995E-1	-1.2997E-11
-5.0000E-1	9.0803E-6	-9.0803E-6	-4.9999E-1	-1.6046E-11
-5.2000E-1	1.1730E-5	-1.1730E-5	-5.1999E-1	-2.0728E-11
-5.4000E-1	1.3949E-5	-1.3949E-5	-5.4001E-1	-2.4650E-11
-5.6000E-1	1.7610E-5	-1.7610E-5	-5.5999E-1	-3.1120E-11
-5.8000E-1	2.2301E-5	-2.2301E-5	-5.7999E-1	-3.9409E-11
-6.0000E-1	2.8360E-5	-2.8360E-5	-5.9996E-1	-5.0116E-11
-6.2000E-1	3.5117E-5	-3.5117E-5	-6.1996E-1	-6.2056E-11
-6.4000E-1	4.4839E-5	-4.4839E-5	-6.3994E-1	-7.9236E-11
-6.6000E-1	5.0381E-5	-5.0381E-5	-6.5196E-1	-8.9030E-11
-6.8000E-1	5.1825E-5	-5.1825E-5	-6.3286E-1	-9.1583E-11
-7.0000E-1	5.3396E-5	-5.3396E-5	-6.0936E-1	-9.4358E-11
-7.2000E-1	8.7250E-5	-8.7250E-5	-7.1999E-1	-1.5418E-10
-7.4000E-1	1.1523E-4	-1.1523E-4	-7.3998E-1	-2.0363E-10
-7.6000E-1	1.4521E-4	-1.4521E-4	-7.6001E-1	-2.5661E-10
-7.8000E-1	1.7807E-4	-1.7807E-4	-7.8001E-1	-3.1468E-10
-8.0000E-1	2.1015E-4	-2.1015E-4	-8.0004E-1	-3.7136E-10
-8.2000E-1	2.6371E-4	-2.6371E-4	-8.2002E-1	-4.6601E-10
-8.4000E-1	3.1710E-4	-3.1710E-4	-8.4002E-1	-5.6036E-10
-8.6000E-1	3.8724E-4	-3.8724E-4	-8.5999E-1	-6.8431E-10
-8.8000E-1	4.7164E-4	-4.7164E-4	-8.7999E-1	-8.3345E-10
-9.0000E-1	5.0151E-4	-5.0151E-4	-8.8394E-1	-8.8625E-10
-9.2000E-1	5.1020E-4	-5.1020E-4	-8.5670E-1	-9.0160E-10
-9.4000E-1	7.7079E-4	-7.7079E-4	-9.3994E-1	-1.3621E-9
-9.6000E-1	9.1729E-4	-9.1729E-4	-9.5997E-1	-1.6210E-9
-9.8000E-1	1.0924E-3	-1.0924E-3	-9.7997E-1	-1.9304E-9
-1.0000E+0	1.3104E-3	-1.3104E-3	-1.0000E+0	-2.3156E-9
-9.8000E-1	1.1225E-3	-1.1225E-3	-9.7997E-1	-1.9835E-9
-9.6000E-1	9.4858E-4	-9.4858E-4	-9.5997E-1	-1.6763E-9
-9.4000E-1	8.1937E-4	-8.1937E-4	-9.3994E-1	-1.4480E-9
-9.2000E-1	6.8832E-4	-6.8832E-4	-9.1996E-1	-1.2164E-9
-9.0000E-1	6.0283E-4	-6.0283E-4	-8.9995E-1	-1.0653E-9
-8.8000E-1	4.8957E-4	-4.8957E-4	-8.7998E-1	-8.6514E-10
-8.6000E-1	4.1336E-4	-4.1336E-4	-8.6000E-1	-7.3047E-10
-8.4000E-1	3.5659E-4	-3.5659E-4	-8.4002E-1	-6.3015E-10
-8.2000E-1	2.9863E-4	-2.9863E-4	-8.2002E-1	-5.2772E-10
-8.0000E-1	2.5069E-4	-2.5069E-4	-8.0004E-1	-4.4301E-10
-7.8000E-1	2.0628E-4	-2.0628E-4	-7.8001E-1	-3.6453E-10
-7.6000E-1	1.7720E-4	-1.7720E-4	-7.6001E-1	-3.1314E-10
-7.4000E-1	1.4844E-4	-1.4844E-4	-7.3998E-1	-2.6232E-10
-7.2000E-1	1.1952E-4	-1.1952E-4	-7.1999E-1	-2.1120E-10
-7.0000E-1	1.0111E-4	-1.0111E-4	-6.9996E-1	-1.7867E-10
-6.8000E-1	8.4175E-5	-8.4175E-5	-6.7996E-1	-1.4875E-10
-6.6000E-1	6.9983E-5	-6.9983E-5	-6.5994E-1	-1.2367E-10
-6.4000E-1	5.7946E-5	-5.7946E-5	-6.3993E-1	-1.0240E-10
-6.2000E-1	4.5421E-5	-4.5421E-5	-6.1980E-1	-8.0265E-11
-6.0000E-1	4.1401E-5	-4.1401E-5	-5.9996E-1	-7.3161E-11
-5.8000E-1	3.4331E-5	-3.4331E-5	-5.8000E-1	-6.0668E-11
-5.6000E-1	2.9529E-5	-2.9529E-5	-5.5999E-1	-5.2181E-11
-5.4000E-1	2.3739E-5	-2.3739E-5	-5.4001E-1	-4.1950E-11
-5.2000E-1	1.9363E-5	-1.9363E-5	-5.1999E-1	-3.4217E-11
-5.0000E-1	1.5771E-5	-1.5771E-5	-4.9999E-1	-2.7870E-11
-4.8000E-1	1.3463E-5	-1.3463E-5	-4.7995E-1	-2.3791E-11
-4.6000E-1	1.0634E-5	-1.0634E-5	-4.5996E-1	-1.8793E-11
-4.4000E-1	7.8750E-6	-7.8750E-6	-4.3993E-1	-1.3916E-11
-4.2000E-1	7.0914E-6	-7.0914E-6	-4.1992E-1	-1.2532E-11
-4.0000E-1	5.1908E-6	-5.1908E-6	-3.9989E-1	-9.1728E-12
-3.8000E-1	4.5798E-6	-4.5798E-6	-3.7991E-1	-8.0932E-12
-3.6000E-1	3.2973E-6	-3.2973E-6	-3.5990E-1	-5.8268E-12
-3.4000E-1	2.5428E-6	-2.5428E-6	-3.3993E-1	-4.4935E-12
-3.2000E-1	2.4511E-6	-2.4511E-6	-3.1994E-1	-4.3314E-12
-3.0000E-1	1.8186E-6	-1.8186E-6	-2.9996E-1	-3.2137E-12
-2.8000E-1	1.2827E-6	-1.2827E-6	-2.7996E-1	-2.2667E-12
-2.6000E-1	1.0355E-6	-1.0355E-6	-2.5995E-1	-1.8299E-12
-2.4000E-1	7.1274E-7	-7.1274E-7	-2.3995E-1	-1.2595E-12
-2.2000E-1	5.6966E-7	-5.6966E-7	-2.1992E-1	-1.0067E-12
-2.0000E-1	4.0076E-7	-4.0076E-7	-1.9992E-1	-7.0820E-13
-1.8000E-1	3.5297E-7	-3.5297E-7	-1.7990E-1	-6.2375E-13
-1.6000E-1	2.8353E-7	-2.8353E-7	-1.5990E-1	-5.0104E-13
-1.4000E-1	2.5954E-7	-2.5954E-7	-1.3987E-1	-4.5865E-13
-1.2000E-1	2.0137E-7	-2.0137E-7	-1.1988E-1	-3.5584E-13
-1.0000E-1	1.8554E-7	-1.8554E-7	-9.9873E-2	-3.2788E-13
-8.0000E-2	1.5685E-7	-1.5685E-7	-7.9898E-2	-2.7717E-13
-6.0000E-2	1.4513E-7	-1.4513E-7	-5.9904E-2	-2.5646E-13
-4.0000E-2	1.1725E-7	-1.1725E-7	-3.9934E-2	-2.0720E-13
-2.0000E-2	9.7779E-8	-9.7779E-8	-1.9928E-2	-1.7279E-13
-0.0000E+0	7.5010E-8	-7.5010E-8	4.6417E-5	-1.3255E-13
0.0000E+0	9.4081E-8	-9.4081E-8	4.5057E-5	-1.6625E-13
2.0000E-2	5.7134E-8	-5.7134E-8	2.0018E-2	-1.0096E-13
4.0000E-2	5.2734E-8	-5.2734E-8	4.0020E-2	-9.3188E-14
6.0000E-2	1.6339E-8	-1.6339E-8	5.9990E-2	-2.8873E-14
8.0000E-2	1.5250E-8	-1.5250E-8	7.9978E-2	-2.6949E-14
1.0000E-1	1.3707E-8	1.3707E-8	9.9951E-2	2.4221E-14
1.2000E-1	6.6938E-9	6.6938E-9	1.1995E-1	1.1829E-14
1.4000E-1	3.3316E-8	3.3316E-8	1.3997E-1	5.8874E-14
1.6000E-1	6.0401E-8	6.0401E-8	1.5997E-1	1.0674E-13
1.8000E-1	1.0793E-7	1.0793E-7	1.8000E-1	1.9073E-13
2.0000E-1	1.3606E-7	1.3606E-7	1.9998E-1	2.4043E-13
2.2000E-1	1.5155E-7	1.5155E-7	2.2001E-1	2.6781E-13
2.4000E-1	2.0405E-7	2.0405E-7	2.4001E-1	3.6059E-13
2.6000E-1	2.6422E-7	2.6422E-7	2.6004E-1	4.6691E-13
2.8000E-1	3.0946E-7	3.0946E-7	2.8004E-1	5.4686E-13
3.0000E-1	3.7406E-7	3.7406E-7	3.0001E-1	6.6103E-13
3.2000E-1	4.3930E-7	4.3930E-7	3.2002E-1	7.7630E-13
3.4000E-1	5.2807E-7	5.2807E-7	3.3997E-1	9.3318E-13
3.6000E-1	6.3689E-7	6.3689E-7	3.5997E-1	1.1255E-12
3.8000E-1	7.0486E-7	7.0486E-7	3.7998E-1	1.2456E-12
4.0000E-1	8.0242E-7	8.0242E-7	3.9995E-1	1.4180E-12
4.2000E-1	9.3713E-7	9.3713E-7	4.1999E-1	1.6561E-12
4.4000E-1	1.0118E-6	1.0118E-6	4.3998E-1	1.7879E-12
4.6000E-1	1.1627E-6	1.1627E-6	4.6002E-1	2.0546E-12
4.8000E-1	1.2975E-6	1.2975E-6	4.8004E-1	2.2928E-12
5.0000E-1	1.4447E-6	1.4447E-6	5.0004E-1	2.5529E-12
5.2000E-1	1.6724E-6	1.6724E-6	5.2007E-1	2.9554E-12
5.4000E-1	1.8428E-6	1.8428E-6	5.4006E-1	3.2565E-12
5.6000E-1	2.0819E-6	2.0819E-6	5.6006E-1	3.6790E-12
5.8000E-1	2.2655E-6	2.2655E-6	5.8003E-1	4.0034E-12
6.0000E-1	2.6436E-6	2.6436E-6	6.0002E-1	4.6716E-12
6.2000E-1	2.9292E-6	2.9292E-6	6.2003E-1	5.1764E-12
6.4000E-1	3.3634E-6	3.3634E-6	6.4000E-1	5.9436E-12
6.6000E-1	3.6267E-6	3.6267E-6	6.6000E-1	6.4090E-12
6.8000E-1	4.0008E-6	4.0008E-6	6.7999E-1	7.0699E-12
7.0000E-1	4.5506E-6	4.5506E-6	7.0002E-1	8.0416E-12
7.2000E-1	4.9507E-6	4.9507E-6	7.2005E-1	8.7486E-12
7.4000E-1	5.6167E-6	5.6167E-6	7.4004E-1	9.9255E-12
7.6000E-1	6.3175E-6	6.3175E-6	7.6006E-1	1.1164E-11
7.8000E-1	7.0545E-6	7.0545E-6	7.8006E-1	1.2466E-11
8.0000E-1	7.8014E-6	7.8014E-6	8.0009E-1	1.3786E-11
8.2000E-1	9.0866E-6	9.0866E-6	8.2009E-1	1.6057E-11
8.4000E-1	9.9146E-6	9.9146E-6	8.4006E-1	1.7521E-11
8.6000E-1	1.2039E-5	1.2039E-5	8.6007E-1	2.1274E-11
8.8000E-1	1.3104E-5	1.3104E-5	8.8003E-1	2.3157E-11
9.0000E-1	1.5363E-5	1.5363E-5	9.0003E-1	2.7149E-11
9.2000E-1	1.8590E-5	1.8590E-5	9.2000E-1	3.2852E-11
9.4000E-1	1.8683E-5	1.8683E-5	9.4001E-1	3.3015E-11
9.6000E-1	2.1077E-5	2.1077E-5	9.6004E-1	3.7247E-11
9.8000E-1	2.4155E-5	2.4155E-5	9.8004E-1	4.2685E-11
1.0000E+0	2.8163E-5	2.8163E-5	1.0001E+0	4.9768E-11
9.8000E-1	2.4356E-5	2.4356E-5	9.8004E-1	4.3041E-11
9.6000E-1	2.0506E-5	2.0506E-5	9.6004E-1	3.6237E-11
9.4000E-1	1.6763E-5	1.6763E-5	9.4001E-1	2.9622E-11
9.2000E-1	1.4776E-5	1.4776E-5	9.2000E-1	2.6112E-11
9.0000E-1	1.2496E-5	1.2496E-5	9.0003E-1	2.2082E-11
8.8000E-1	1.1482E-5	1.1482E-5	8.8002E-1	2.0291E-11
8.6000E-1	9.5871E-6	9.5871E-6	8.6007E-1	1.6942E-11
8.4000E-1	8.5293E-6	8.5293E-6	8.4006E-1	1.5072E-11
8.2000E-1	7.0603E-6	7.0603E-6	8.2009E-1	1.2477E-11
8.0000E-1	6.8634E-6	6.8634E-6	8.0009E-1	1.2129E-11
7.8000E-1	5.7322E-6	5.7322E-6	7.8006E-1	1.0130E-11
7.6000E-1	5.6959E-6	5.6959E-6	7.6006E-1	1.0066E-11
7.4000E-1	4.7708E-6	4.7708E-6	7.4003E-1	8.4308E-12
7.2000E-1	3.7415E-6	3.7415E-6	7.2005E-1	6.6118E-12
7.0000E-1	3.3496E-6	3.3496E-6	7.0002E-1	5.9193E-12
6.8000E-1	3.3539E-6	3.3539E-6	6.7999E-1	5.9269E-12
6.6000E-1	2.7599E-6	2.7599E-6	6.6000E-1	4.8772E-12
6.4000E-1	2.6216E-6	2.6216E-6	6.4000E-1	4.6327E-12
6.2000E-1	2.3852E-6	2.3852E-6	6.2003E-1	4.2149E-12
6.0000E-1	1.9612E-6	1.9612E-6	6.0002E-1	3.4657E-12
5.8000E-1	1.5674E-6	1.5674E-6	5.8003E-1	2.7698E-12
5.6000E-1	1.3866E-6	1.3866E-6	5.6006E-1	2.4503E-12
5.4000E-1	1.2236E-6	1.2236E-6	5.4006E-1	2.1623E-12
5.2000E-1	1.0842E-6	1.0842E-6	5.2007E-1	1.9160E-12
5.0000E-1	9.5845E-7	9.5845E-7	5.0004E-1	1.6937E-12
4.8000E-1	8.2567E-7	8.2567E-7	4.8004E-1	1.4591E-12
4.6000E-1	7.1956E-7	7.1956E-7	4.6002E-1	1.2716E-12
4.4000E-1	6.2215E-7	6.2215E-7	4.3999E-1	1.0994E-12
4.2000E-1	5.5683E-7	5.5683E-7	4.1999E-1	9.8401E-13
4.0000E-1	4.7778E-7	4.7778E-7	3.9995E-1	8.4431E-13
3.8000E-1	4.4537E-7	4.4537E-7	3.7998E-1	7.8704E-13
3.6000E-1	3.9486E-7	3.9486E-7	3.5998E-1	6.9778E-13
3.4000E-1	3.3105E-7	3.3105E-7	3.3997E-1	5.8501E-13
3.2000E-1	2.6429E-7	2.6429E-7	3.2002E-1	4.6703E-13
3.0000E-1	2.1619E-7	2.1619E-7	3.0001E-1	3.8204E-13
2.8000E-1	1.7738E-7	1.7738E-7	2.8004E-1	3.1346E-13
2.6000E-1	1.5869E-7	1.5869E-7	2.6004E-1	2.8043E-13
2.4000E-1	1.4314E-7	1.4314E-7	2.4001E-1	2.5294E-13
2.2000E-1	9.1597E-8	9.1597E-8	2.2001E-1	1.6187E-13
2.0000E-1	6.7985E-8	6.7985E-8	1.9998E-1	1.2014E-13
1.8000E-1	4.9756E-8	4.9756E-8	1.8000E-1	8.7925E-14
1.6000E-1	2.5715E-8	2.5715E-8	1.5997E-1	4.5441E-14
1.4000E-1	4.7304E-8	-4.7304E-8	1.3997E-1	-8.3593E-14
1.2000E-1	2.4285E-8	-2.4285E-8	1.1995E-1	-4.2915E-14
1.0000E-1	3.6542E-8	-3.6542E-8	9.9949E-2	-6.4575E-14
8.0000E-2	6.2767E-8	-6.2767E-8	7.9978E-2	-1.1092E-13
6.0000E-2	7.3452E-8	-7.3452E-8	5.9989E-2	-1.2980E-13
4.0000E-2	8.1098E-8	-8.1098E-8	4.0021E-2	-1.4331E-13
2.0000E-2	1.0365E-7	-1.0365E-7	2.0018E-2	-1.8316E-13
0.0000E+0	1.0514E-7	-1.0514E-7	1.6028E-5	-1.8579E-13
-2.0000E-2	1.2285E-7	-1.2285E-7	-1.9927E-2	-2.1710E-13
-4.0000E-2	1.3341E-7	-1.3341E-7	-3.9933E-2	-2.3575E-13
-6.0000E-2	1.4397E-7	-1.4397E-7	-5.9903E-2	-2.5441E-13
-8.0000E-2	1.5478E-7	-1.5478E-7	-7.9897E-2	-2.7352E-13
-1.0000E-1	1.8091E-7	-1.8091E-7	-9.9870E-2	-3.1970E-13
-1.2000E-1	1.8400E-7	-1.8400E-7	-1.1987E-1	-3.2516E-13
-1.4000E-1	1.9506E-7	-1.9506E-7	-1.3987E-1	-3.4470E-13
-1.6000E-1	2.3608E-7	-2.3608E-7	-1.5990E-1	-4.1719E-13
-1.8000E-1	3.0052E-7	-3.0052E-7	-1.7990E-1	-5.3107E-13
-2.0000E-1	3.3475E-7	-3.3475E-7	-1.9992E-1	-5.9156E-13
-2.2000E-1	3.6979E-7	-3.6979E-7	-2.1992E-1	-6.5347E-13
-2.4000E-1	3.8099E-7	-3.8099E-7	-2.3995E-1	-6.7327E-13
-2.6000E-1	5.2073E-7	-5.2073E-7	-2.5995E-1	-9.2021E-13
-2.8000E-1	6.2580E-7	-6.2580E-7	-2.7996E-1	-1.1059E-12
-3.0000E-1	7.7401E-7	-7.7401E-7	-2.9996E-1	-1.3678E-12
-3.2000E-1	9.1897E-7	-9.1897E-7	-3.1994E-1	-1.6240E-12
-3.4000E-1	1.1985E-6	-1.1985E-6	-3.3993E-1	-2.1179E-12
-3.6000E-1	1.5984E-6	-1.5984E-6	-3.5990E-1	-2.8246E-12
-3.8000E-1	1.9292E-6	-1.9292E-6	-3.7991E-1	-3.4093E-12
-4.0000E-1	2.5511E-6	-2.5511E-6	-3.9989E-1	-4.5081E-12
-4.2000E-1	3.2705E-6	-3.2705E-6	-4.1992E-1	-5.7795E-12
-4.4000E-1	4.5573E-6	-4.5573E-6	-4.3993E-1	-8.0534E-12
-4.6000E-1	5.1019E-6	-5.1019E-6	-4.5996E-1	-9.0158E-12
-4.8000E-1	6.8611E-6	-6.8611E-6	-4.7995E-1	-1.2125E-11
-5.0000E-1	7.7612E-6	-7.7612E-6	-4.9998E-1	-1.3715E-11
-5.2000E-1	9.7185E-6	-9.7185E-6	-5.1999E-1	-1.7174E-11
-5.4000E-1	1.2414E-5	-1.2414E-5	-5.4001E-1	-2.1937E-11
-5.6000E-1	1.5270E-5	-1.5270E-5	-5.5999E-1	-2.6985E-11
-5.8000E-1	1.8910E-5	-1.8910E-5	-5.7999E-1	-3.3416E-11
-6.0000E-1	2.2961E-5	-2.2961E-5	-5.9996E-1	-4.0576E-11
-6.2000E-1	2.8699E-5	-2.8699E-5	-6.1996E-1	-5.0715E-11
-6.4000E-1	3.6426E-5	-3.6426E-5	-6.3994E-1	-6.4371E-11
-6.6000E-1	4.5805E-5	-4.5805E-5	-6.5995E-1	-8.0945E-11
-6.8000E-1	4.9028E-5	-4.9028E-5	-6.7996E-1	-8.6640E-11
-7.0000E-1	6.5184E-5	-6.5184E-5	-6.9996E-1	-1.1519E-10
-7.2000E-1	7.9320E-5	-7.9320E-5	-7.1999E-1	-1.4017E-10
-7.4000E-1	1.0587E-4	-1.0587E-4	-7.3998E-1	-1.8709E-10
-7.6000E-1	1.2394E-4	-1.2394E-4	-7.6001E-1	-2.1901E-10
-7.8000E-1	1.5486E-4	-1.5486E-4	-7.8001E-1	-2.7366E-10
-8.0000E-1	1.9455E-4	-1.9455E-4	-8.0004E-1	-3.4380E-10
-8.2000E-1	2.3998E-4	-2.3998E-4	-8.2001E-1	-4.2408E-10
-8.4000E-1	2.7895E-4	-2.7895E-4	-8.4002E-1	-4.9294E-10
-8.6000E-1	3.3747E-4	-3.3747E-4	-8.5999E-1	-5.9636E-10
-8.8000E-1	4.0388E-4	-4.0388E-4	-8.7999E-1	-7.1371E-10
-9.0000E-1	4.7900E-4	-4.7900E-4	-8.9996E-1	-8.4647E-10
-9.2000E-1	5.0224E-4	-5.0224E-4	-8.9643E-1	-8.8754E-10
-9.4000E-1	6.4879E-4	-6.4879E-4	-9.3994E-1	-1.1465E-9
-9.6000E-1	7.9785E-4	-7.9785E-4	-9.5997E-1	-1.4099E-9
-9.8000E-1	9.3177E-4	-9.3177E-4	-9.7997E-1	-1.6466E-9
-1.0000E+0	1.1065E-3	-1.1065E-3	-1.0000E+0	-1.9554E-9
-9.8000E-1	9.4540E-4	-9.4540E-4	-9.7997E-1	-1.6707E-9
-9.6000E-1	8.0667E-4	-8.0667E-4	-9.5997E-1	-1.4255E-9
-9.4000E-1	6.9311E-4	-6.9311E-4	-9.3994E-1	-1.2248E-9
-9.2000E-1	5.7864E-4	-5.7864E-4	-9.1996E-1	-1.0225E-9
-9.0000E-1	4.8453E-4	-4.8453E-4	-8.9996E-1	-8.5623E-10
-8.8000E-1	4.3255E-4	-4.3255E-4	-8.7999E-1	-7.6437E-10
-8.6000E-1	3.6069E-4	-3.6069E-4	-8.6000E-1	-6.3739E-10
-8.4000E-1	3.1063E-4	-3.1063E-4	-8.4002E-1	-5.4893E-10
-8.2000E-1	2.6376E-4	-2.6376E-4	-8.2001E-1	-4.6609E-10
-8.0000E-1	2.2098E-4	-2.2098E-4	-8.0004E-1	-3.9050E-10
-7.8000E-1	1.8871E-4	-1.8871E-4	-7.8001E-1	-3.3349E-10
-7.6000E-1	1.5164E-4	-1.5164E-4	-7.6001E-1	-2.6798E-10
-7.4000E-1	1.3093E-4	-1.3093E-4	-7.3998E-1	-2.3137E-10
-7.2000E-1	1.0886E-4	-1.0886E-4	-7.1999E-1	-1.9238E-10
-7.0000E-1	9.1076E-5	-9.1076E-5	-6.9996E-1	-1.6095E-10
-6.8000E-1	7.6742E-5	-7.6742E-5	-6.7996E-1	-1.3561E-10
-6.6000E-1	6.4297E-5	-6.4297E-5	-6.5994E-1	-1.1362E-10
-6.4000E-1	4.7618E-5	-4.7618E-5	-6.3949E-1	-8.4148E-11
-6.2000E-1	4.1239E-5	-4.1239E-5	-6.1997E-1	-7.2875E-11
-6.0000E-1	3.4148E-5	-3.4148E-5	-5.9996E-1	-6.0345E-11
-5.8000E-1	2.8306E-5	-2.8306E-5	-5.8000E-1	-5.0021E-11
-5.6000E-1	2.2935E-5	-2.2935E-5	-5.5999E-1	-4.0530E-11
-5.4000E-1	1.8166E-5	-1.8166E-5	-5.4001E-1	-3.2102E-11
-5.2000E-1	1.5194E-5	-1.5194E-5	-5.1999E-1	-2.6850E-11
-5.0000E-1	1.2409E-5	-1.2409E-5	-4.9999E-1	-2.1929E-11
-4.8000E-1	9.8937E-6	-9.8937E-6	-4.7995E-1	-1.7484E-11
-4.6000E-1	7.9618E-6	-7.9618E-6	-4.5996E-1	-1.4070E-11
-4.4000E-1	6.4657E-6	-6.4657E-6	-4.3993E-1	-1.1426E-11
-4.2000E-1	5.1060E-6	-5.1060E-6	-4.1992E-1	-9.0230E-12
-4.0000E-1	4.0532E-6	-4.0532E-6	-3.9989E-1	-7.1626E-12
-3.8000E-1	3.2293E-6	-3.2293E-6	-3.7991E-1	-5.7067E-12
-3.6000E-1	2.4450E-6	-2.4450E-6	-3.5990E-1	-4.3207E-12
-3.4000E-1	2.0671E-6	-2.0671E-6	-3.3993E-1	-3.6529E-12
-3.2000E-1	1.6398E-6	-1.6398E-6	-3.1994E-1	-2.8977E-12
-3.0000E-1	1.2601E-6	-1.2601E-6	-2.9996E-1	-2.2267E-12
-2.8000E-1	1.0848E-6	-1.0848E-6	-2.7996E-1	-1.9169E-12
-2.6000E-1	8.7285E-7	-8.7285E-7	-2.5995E-1	-1.5425E-12
-2.4000E-1	6.2921E-7	-6.2921E-7	-2.3995E-1	-1.1119E-12
-2.2000E-1	4.8462E-7	-4.8462E-7	-2.1992E-1	-8.5639E-13
-2.0000E-1	3.9387E-7	-3.9387E-7	-1.9992E-1	-6.9602E-13
-1.8000E-1	3.2082E-7	-3.2082E-7	-1.7990E-1	-5.6693E-13
-1.6000E-1	2.4080E-7	-2.4080E-7	-1.5990E-1	-4.2553E-13
-1.4000E-1	2.0658E-7	-2.0658E-7	-1.3987E-1	-3.6506E-13
-1.2000E-1	2.1178E-7	-2.1178E-7	-1.1988E-1	-3.7424E-13
-1.0000E-1	1.4789E-7	-1.4789E-7	-9.9872E-2	-2.6134E-13
-8.0000E-2	1.6994E-7	-1.6994E-7	-7.9897E-2	-3.0031E-13
-6.0000E-2	1.2941E-7	-1.2941E-7	-5.9905E-2	-2.2868E-13
-4.0000E-2	1.2000E-7	-1.2000E-7	-3.9933E-2	-2.1206E-13
-2.0000E-2	1.0257E-7	-1.0257E-7	-1.9927E-2	-1.8125E-13
-0.0000E+0	9.0251E-8	-9.0251E-8	4.5947E-5	-1.5949E-13
0.0000E+0	9.1353E-8	-9.1353E-8	4.5897E-5	-1.6143E-13
2.0000E-2	7.1425E-8	-7.1425E-8	2.0020E-2	-1.2622E-13
4.0000E-2	3.7002E-8	-3.7002E-8	4.0023E-2	-6.5387E-14
6.0000E-2	3.3778E-8	-3.3778E-8	5.9991E-2	-5.9691E-14
8.0000E-2	1.7521E-8	-1.7521E-8	7.9979E-2	-3.0963E-14
1.0000E-1	5.6784E-9	-5.6784E-9	9.9951E-2	-1.0035E-14
1.2000E-1	2.5223E-8	2.5223E-8	1.1995E-1	4.4573E-14
1.4000E-1	3.9606E-8	3.9606E-8	1.3997E-1	6.9989E-14
1.6000E-1	5.5902E-8	5.5902E-8	1.5997E-1	9.8786E-14
1.8000E-1	8.2948E-8	8.2948E-8	1.8000E-1	1.4658E-13
2.0000E-1	1.0334E-7	1.0334E-7	1.9998E-1	1.8262E-13
2.2000E-1	1.4990E-7	1.4990E-7	2.2001E-1	2.6490E-13
2.4000E-1	1.6077E-7	1.6077E-7	2.4001E-1	2.8410E-13
2.6000E-1	2.0001E-7	2.0001E-7	2.6004E-1	3.5345E-13
2.8000E-1	2.2628E-7	2.2628E-7	2.8004E-1	3.9988E-13
3.0000E-1	2.7985E-7	2.7985E-7	3.0001E-1	4.9454E-13
3.2000E-1	3.3647E-7	3.3647E-7	3.2002E-1	5.9459E-13
3.4000E-1	3.7249E-7	3.7249E-7	3.3997E-1	6.5824E-13
3.6000E-1	4.7216E-7	4.7216E-7	3.5998E-1	8.3438E-13
3.8000E-1	5.2543E-7	5.2543E-7	3.7998E-1	9.2851E-13
4.0000E-1	6.2405E-7	6.2405E-7	3.9995E-1	1.1028E-12
4.2000E-1	8.1838E-7	8.1838E-7	4.1999E-1	1.4462E-12
4.4000E-1	8.5309E-7	8.5309E-7	4.3999E-1	1.5075E-12
4.6000E-1	1.0133E-6	1.0133E-6	4.6002E-1	1.7906E-12
4.8000E-1	1.1190E-6	1.1190E-6	4.8004E-1	1.9774E-12
5.0000E-1	1.2204E-6	1.2204E-6	5.0004E-1	2.1566E-12
5.2000E-1	1.3143E-6	1.3143E-6	5.2007E-1	2.3226E-12
5.4000E-1	1.4422E-6	1.4422E-6	5.4006E-1	2.5487E-12
5.6000E-1	1.7065E-6	1.7065E-6	5.6006E-1	3.0157E-12
5.8000E-1	1.9231E-6	1.9231E-6	5.8004E-1	3.3984E-12
6.0000E-1	2.2101E-6	2.2101E-6	6.0002E-1	3.9056E-12
6.2000E-1	2.5462E-6	2.5462E-6	6.2003E-1	4.4995E-12
6.4000E-1	2.7972E-6	2.7972E-6	6.4000E-1	4.9430E-12
6.6000E-1	3.2453E-6	3.2453E-6	6.6000E-1	5.7350E-12
6.8000E-1	3.4746E-6	3.4746E-6	6.7999E-1	6.1402E-12
7.0000E-1	3.9358E-6	3.9358E-6	7.0002E-1	6.9551E-12
7.2000E-1	4.4875E-6	4.4875E-6	7.2005E-1	7.9301E-12
7.4000E-1	4.8706E-6	4.8706E-6	7.4004E-1	8.6070E-12
7.6000E-1	5.3988E-6	5.3988E-6	7.6006E-1	9.5405E-12
7.8000E-1	6.1115E-6	6.1115E-6	7.8006E-1	1.0800E-11
8.0000E-1	6.8495E-6	6.8495E-6	8.0009E-1	1.2104E-11
8.2000E-1	9.2174E-6	9.2174E-6	8.2009E-1	1.6288E-11
8.4000E-1	9.4058E-6	9.4058E-6	8.4006E-1	1.6621E-11
8.6000E-1	1.1551E-5	1.1551E-5	8.6007E-1	2.0412E-11
8.8000E-1	1.2642E-5	1.2642E-5	8.8003E-1	2.2341E-11
9.0000E-1	1.5129E-5	1.5129E-5	9.0003E-1	2.6735E-11
9.2000E-1	1.4158E-5	1.4158E-5	9.2000E-1	2.5020E-11
9.4000E-1	1.6244E-5	1.6244E-5	9.4001E-1	2.8706E-11
9.6000E-1	2.2482E-5	2.2482E-5	9.6004E-1	3.9728E-11
9.8000E-1	2.2020E-5	2.2020E-5	9.8004E-1	3.8912E-11
1.0000E+0	2.4956E-5	2.4956E-5	1.0001E+0	4.4102E-11
9.8000E-1	2.6414E-5	2.6414E-5	9.8004E-1	4.6678E-11
9.6000E-1	2.0893E-5	2.0893E-5	9.6004E-1	3.6921E-11
9.4000E-1	1.7992E-5	1.7992E-5	9.4001E-1	3.1795E-11
9.2000E-1	1.4804E-5	1.4804E-5	9.2000E-1	2.6161E-11
9.0000E-1	1.2019E-5	1.2019E-5	9.0003E-1	2.1240E-11
8.8000E-1	1.0138E-5	1.0138E-5	8.8002E-1	1.7915E-11
8.6000E-1	8.8920E-6	8.8920E-6	8.6007E-1	1.5713E-11
8.4000E-1	7.9739E-6	7.9739E-6	8.4006E-1	1.4091E-11
8.2000E-1	7.2291E-6	7.2291E-6	8.2009E-1	1.2775E-11
8.0000E-1	6.1801E-6	6.1801E-6	8.0009E-1	1.0921E-11
7.8000E-1	5.2446E-6	5.2446E-6	7.8006E-1	9.2679E-12
7.6000E-1	4.7009E-6	4.7009E-6	7.6006E-1	8.3071E-12
7.4000E-1	4.0707E-6	4.0707E-6	7.4004E-1	7.1934E-12
7.2000E-1	4.2742E-6	4.2742E-6	7.2005E-1	7.5531E-12
7.0000E-1	3.7640E-6	3.7640E-6	7.0002E-1	6.6515E-12
6.8000E-1	3.3406E-6	3.3406E-6	6.7999E-1	5.9033E-12
6.6000E-1	2.6921E-6	2.6921E-6	6.6000E-1	4.7574E-12
6.4000E-1	2.0264E-6	2.0264E-6	6.4000E-1	3.5809E-12
6.2000E-1	1.8532E-6	1.8532E-6	6.2003E-1	3.2748E-12
6.0000E-1	1.5599E-6	1.5599E-6	6.0003E-1	2.7566E-12
5.8000E-1	1.3737E-6	1.3737E-6	5.8004E-1	2.4276E-12
5.6000E-1	1.2631E-6	1.2631E-6	5.6006E-1	2.2321E-12
5.4000E-1	1.0957E-6	1.0957E-6	5.4006E-1	1.9362E-12
5.2000E-1	9.7218E-7	9.7218E-7	5.2007E-1	1.7180E-12
5.0000E-1	8.4491E-7	8.4491E-7	5.0004E-1	1.4931E-12
4.8000E-1	7.1641E-7	7.1641E-7	4.8004E-1	1.2660E-12
4.6000E-1	6.3179E-7	6.3179E-7	4.6002E-1	1.1165E-12
4.4000E-1	5.4844E-7	5.4844E-7	4.3999E-1	9.6917E-13
4.2000E-1	4.9127E-7	4.9127E-7	4.1999E-1	8.6814E-13
4.0000E-1	4.2890E-7	4.2890E-7	3.9995E-1	7.5792E-13
3.8000E-1	3.5932E-7	3.5932E-7	3.7998E-1	6.3497E-13
3.6000E-1	3.1122E-7	3.1122E-7	3.5998E-1	5.4997E-13
3.4000E-1	2.5987E-7	2.5987E-7	3.3997E-1	4.5922E-13
3.2000E-1	2.0980E-7	2.0980E-7	3.2002E-1	3.7074E-13
3.0000E-1	1.7101E-7	1.7101E-7	3.0001E-1	3.0220E-13
2.8000E-1	1.3034E-7	1.3034E-7	2.8004E-1	2.3032E-13
2.6000E-1	1.1935E-7	1.1935E-7	2.6004E-1	2.1090E-13
2.4000E-1	1.1809E-7	1.1809E-7	2.4001E-1	2.0868E-13
2.2000E-1	7.4960E-8	7.4960E-8	2.2001E-1	1.3247E-13
2.0000E-1	6.1339E-8	6.1339E-8	1.9998E-1	1.0839E-13
1.8000E-1	4.0906E-8	4.0906E-8	1.8000E-1	7.2287E-14
1.6000E-1	8.0019E-9	8.0019E-9	1.5997E-1	1.4140E-14
1.4000E-1	6.2201E-9	-6.2201E-9	1.3997E-1	-1.0992E-14
1.2000E-1	2.0902E-8	-2.0902E-8	1.1995E-1	-3.6937E-14
1.0000E-1	7.7337E-8	-7.7337E-8	9.9950E-2	-1.3667E-13
8.0000E-2	4.9258E-8	-4.9258E-8	7.9979E-2	-8.7047E-14
6.0000E-2	6.2919E-8	-6.2919E-8	5.9990E-2	-1.1119E-13
4.0000E-2	9.4312E-8	-9.4312E-8	4.0022E-2	-1.6666E-13
2.0000E-2	8.9212E-8	-8.9212E-8	2.0019E-2	-1.5765E-13
0.0000E+0	1.0089E-7	-1.0089E-7	1.5524E-5	-1.7829E-13
-2.0000E-2	1.0418E-7	-1.0418E-7	-1.9927E-2	-1.8411E-13
-4.0000E-2	1.1284E-7	-1.1284E-7	-3.9934E-2	-1.9940E-13
-6.0000E-2	1.2341E-7	-1.2341E-7	-5.9904E-2	-2.1808E-13
-8.0000E-2	1.3051E-7	-1.3051E-7	-7.9898E-2	-2.3064E-13
-1.0000E-1	1.3000E-7	-1.3000E-7	-9.9872E-2	-2.2973E-13
-1.2000E-1	1.5329E-7	-1.5329E-7	-1.1988E-1	-2.7089E-13
-1.4000E-1	1.6361E-7	-1.6361E-7	-1.3987E-1	-2.8912E-13
-1.6000E-1	1.9557E-7	-1.9557E-7	-1.5990E-1	-3.4560E-13
-1.8000E-1	2.2557E-7	-2.2557E-7	-1.7990E-1	-3.9862E-13
-2.0000E-1	2.5723E-7	-2.5723E-7	-1.9992E-1	-4.5456E-13
-2.2000E-1	3.0728E-7	-3.0728E-7	-2.1992E-1	-5.4301E-13
-2.4000E-1	3.9716E-7	-3.9716E-7	-2.3995E-1	-7.0184E-13
-2.6000E-1	4.6173E-7	-4.6173E-7	-2.5995E-1	-8.1594E-13
-2.8000E-1	5.4771E-7	-5.4771E-7	-2.7996E-1	-9.6788E-13
-3.0000E-1	6.9187E-7	-6.9187E-7	-2.9997E-1	-1.2226E-12
-3.2000E-1	8.6389E-7	-8.6389E-7	-3.1994E-1	-1.5266E-12
-3.4000E-1	1.0702E-6	-1.0702E-6	-3.3993E-1	-1.8912E-12
-3.6000E-1	1.3137E-6	-1.3137E-6	-3.5990E-1	-2.3215E-12
-3.8000E-1	1.5798E-6	-1.5798E-6	-3.7991E-1	-2.7917E-12
-4.0000E-1	1.9454E-6	-1.9454E-6	-3.9989E-1	-3.4378E-12
-4.2000E-1	2.5807E-6	-2.5807E-6	-4.1992E-1	-4.5604E-12
-4.4000E-1	3.1686E-6	-3.1686E-6	-4.3993E-1	-5.5993E-12
-4.6000E-1	3.9509E-6	-3.9509E-6	-4.5996E-1	-6.9818E-12
-4.8000E-1	4.9137E-6	-4.9137E-6	-4.7995E-1	-8.6832E-12
-5.0000E-1	6.2868E-6	-6.2868E-6	-4.9999E-1	-1.1110E-11
-5.2000E-1	8.3186E-6	-8.3186E-6	-5.1999E-1	-1.4700E-11
-5.4000E-1	1.0381E-5	-1.0381E-5	-5.4001E-1	-1.8345E-11
-5.6000E-1	1.2944E-5	-1.2944E-5	-5.5999E-1	-2.2874E-11
-5.8000E-1	1.5817E-5	-1.5817E-5	-5.7999E-1	-2.7951E-11
-6.0000E-1	1.9959E-5	-1.9959E-5	-5.9996E-1	-3.5271E-11
-6.2000E-1	2.3995E-5	-2.3995E-5	-6.1996E-1	-4.2403E-11
-6.4000E-1	3.1195E-5	-3.1195E-5	-6.3994E-1	-5.5127E-11
-6.6000E-1	3.6030E-5	-3.6030E-5	-6.5994E-1	-6.3670E-11
-6.8000E-1	4.6291E-5	-4.6291E-5	-6.7997E-1	-8.1802E-11
-7.0000E-1	4.8262E-5	-4.8262E-5	-6.9996E-1	-8.5286E-11
-7.2000E-1	6.6496E-5	-6.6496E-5	-7.1999E-1	-1.1751E-10
-7.4000E-1	8.0552E-5	-8.0552E-5	-7.3998E-1	-1.4235E-10
-7.6000E-1	1.0116E-4	-1.0116E-4	-7.6001E-1	-1.7877E-10
-7.8000E-1	1.2411E-4	-1.2411E-4	-7.8001E-1	-2.1932E-10
-8.0000E-1	1.5065E-4	-1.5065E-4	-8.0004E-1	-2.6622E-10
-8.2000E-1	1.8412E-4	-1.8412E-4	-8.2001E-1	-3.2536E-10
-8.4000E-1	2.1766E-4	-2.1766E-4	-8.4002E-1	-3.8463E-10
-8.6000E-1	2.6903E-4	-2.6903E-4	-8.5999E-1	-4.7541E-10
-8.8000E-1	3.1979E-4	-3.1979E-4	-8.7999E-1	-5.6511E-10
-9.0000E-1	3.8705E-4	-3.8705E-4	-8.9996E-1	-6.8397E-10
-9.2000E-1	4.6923E-4	-4.6923E-4	-9.1997E-1	-8.2919E-10
-9.4000E-1	5.2322E-4	-5.2322E-4	-9.3994E-1	-9.2460E-10
-9.6000E-1	6.2483E-4	-6.2483E-4	-9.5997E-1	-1.1042E-9
-9.8000E-1	7.5030E-4	-7.5030E-4	-9.7997E-1	-1.3259E-9
-1.0000E+0	8.9626E-4	-8.9626E-4	-1.0000E+0	-1.5838E-9
-9.8000E-1	7.6500E-4	-7.6500E-4	-9.7997E-1	-1.3519E-9
-9.6000E-1	6.6979E-4	-6.6979E-4	-9.5997E-1	-1.1836E-9
-9.4000E-1	5.6800E-4	-5.6800E-4	-9.3994E-1	-1.0037E-9
-9.2000E-1	4.7529E-4	-4.7529E-4	-9.1997E-1	-8.3991E-10
-9.0000E-1	4.0537E-4	-4.0537E-4	-8.9996E-1	-7.1635E-10
-8.8000E-1	3.4495E-4	-3.4495E-4	-8.7999E-1	-6.0957E-10
-8.6000E-1	2.9640E-4	-2.9640E-4	-8.5999E-1	-5.2378E-10
-8.4000E-1	2.5180E-4	-2.5180E-4	-8.4002E-1	-4.4497E-10
-8.2000E-1	2.1352E-4	-2.1352E-4	-8.2001E-1	-3.7732E-10
-8.0000E-1	1.8265E-4	-1.8265E-4	-8.0004E-1	-3.2277E-10
-7.8000E-1	1.4757E-4	-1.4757E-4	-7.8001E-1	-2.6078E-10
-7.6000E-1	1.2203E-4	-1.2203E-4	-7.6001E-1	-2.1564E-10
-7.4000E-1	1.0241E-4	-1.0241E-4	-7.3998E-1	-1.8097E-10
-7.2000E-1	8.5703E-5	-8.5703E-5	-7.1999E-1	-1.5145E-10
-7.0000E-1	7.2011E-5	-7.2011E-5	-6.9996E-1	-1.2725E-10
-6.8000E-1	5.9732E-5	-5.9732E-5	-6.7996E-1	-1.0555E-10
-6.6000E-1	4.4871E-5	-4.4871E-5	-6.5995E-1	-7.9294E-11
-6.4000E-1	4.1625E-5	-4.1625E-5	-6.3994E-1	-7.3558E-11
-6.2000E-1	3.5334E-5	-3.5334E-5	-6.1996E-1	-6.2440E-11
-6.0000E-1	2.8831E-5	-2.8831E-5	-5.9996E-1	-5.0949E-11
-5.8000E-1	2.3866E-5	-2.3866E-5	-5.8000E-1	-4.2175E-11
-5.6000E-1	1.9654E-5	-1.9654E-5	-5.5999E-1	-3.4732E-11
-5.4000E-1	1.6952E-5	-1.6952E-5	-5.4001E-1	-2.9957E-11
-5.2000E-1	1.3781E-5	-1.3781E-5	-5.1999E-1	-2.4352E-11
-5.0000E-1	1.0194E-5	-1.0194E-5	-4.9998E-1	-1.8013E-11
-4.8000E-1	8.7403E-6	-8.7403E-6	-4.7995E-1	-1.5445E-11
-4.6000E-1	6.8030E-6	-6.8030E-6	-4.5996E-1	-1.2022E-11
-4.4000E-1	5.1717E-6	-5.1717E-6	-4.3993E-1	-9.1391E-12
-4.2000E-1	4.2354E-6	-4.2354E-6	-4.1992E-1	-7.4845E-12
-4.0000E-1	3.5650E-6	-3.5650E-6	-3.9989E-1	-6.3000E-12
-3.8000E-1	3.1288E-6	-3.1288E-6	-3.7991E-1	-5.5291E-12
-3.6000E-1	2.1976E-6	-2.1976E-6	-3.5990E-1	-3.8834E-12
-3.4000E-1	1.6670E-6	-1.6670E-6	-3.3993E-1	-2.9459E-12
-3.2000E-1	1.3618E-6	-1.3618E-6	-3.1994E-1	-2.4064E-12
-3.0000E-1	1.0077E-6	-1.0077E-6	-2.9997E-1	-1.7807E-12
-2.8000E-1	8.6313E-7	-8.6313E-7	-2.7996E-1	-1.5253E-12
-2.6000E-1	7.1541E-7	-7.1541E-7	-2.5995E-1	-1.2642E-12
-2.4000E-1	5.9010E-7	-5.9010E-7	-2.3995E-1	-1.0428E-12
-2.2000E-1	4.5348E-7	-4.5348E-7	-2.1992E-1	-8.0137E-13
-2.0000E-1	3.9166E-7	-3.9166E-7	-1.9992E-1	-6.9212E-13
-1.8000E-1	3.1354E-7	-3.1354E-7	-1.7990E-1	-5.5406E-13
-1.6000E-1	2.3655E-7	-2.3655E-7	-1.5990E-1	-4.1802E-13
-1.4000E-1	2.0564E-7	-2.0564E-7	-1.3987E-1	-3.6339E-13
-1.2000E-1	1.7788E-7	-1.7788E-7	-1.1988E-1	-3.1434E-13
-1.0000E-1	1.6052E-7	-1.6052E-7	-9.9871E-2	-2.8367E-13
-8.0000E-2	1.2886E-7	-1.2886E-7	-7.9897E-2	-2.2771E-13
-6.0000E-2	1.2958E-7	-1.2958E-7	-5.9904E-2	-2.2899E-13
-4.0000E-2	1.1785E-7	-1.1785E-7	-3.9933E-2	-2.0826E-13
-2.0000E-2	9.1182E-8	-9.1182E-8	-1.9926E-2	-1.6113E-13
-0.0000E+0	7.4165E-8	-7.4165E-8	4.6316E-5	-1.3106E-13
0.0000E+0	7.4492E-8	-7.4492E-8	4.6367E-5	-1.3164E-13
2.0000E-2	6.9641E-8	-6.9641E-8	2.0019E-2	-1.2307E-13
4.0000E-2	5.1252E-8	-5.1252E-8	4.0022E-2	-9.0571E-14
6.0000E-2	2.5038E-8	-2.5038E-8	5.9990E-2	-4.4246E-14
8.0000E-2	8.0537E-9	-8.0537E-9	7.9979E-2	-1.4232E-14
1.0000E-1	5.9949E-9	5.9949E-9	9.9950E-2	1.0594E-14
1.2000E-1	8.1840E-9	8.1840E-9	1.1995E-1	1.4462E-14
1.4000E-1	8.1653E-9	8.1653E-9	1.3997E-1	1.4429E-14
1.6000E-1	4.9007E-8	4.9007E-8	1.5997E-1	8.6602E-14
1.8000E-1	6.2495E-8	6.2495E-8	1.8000E-1	1.1044E-13
2.0000E-1	9.9335E-8	9.9335E-8	1.9998E-1	1.7554E-13
2.2000E-1	1.3514E-7	1.3514E-7	2.2001E-1	2.3880E-13
2.4000E-1	1.5929E-7	1.5929E-7	2.4001E-1	2.8148E-13
2.6000E-1	1.7613E-7	1.7613E-7	2.6004E-1	3.1125E-13
2.8000E-1	2.0527E-7	2.0527E-7	2.8004E-1	3.6274E-13
3.0000E-1	2.5296E-7	2.5296E-7	3.0001E-1	4.4701E-13
3.2000E-1	2.7420E-7	2.7420E-7	3.2002E-1	4.8455E-13
3.4000E-1	3.7249E-7	3.7249E-7	3.3997E-1	6.5824E-13
3.6000E-1	4.0337E-7	4.0337E-7	3.5998E-1	7.1281E-13
3.8000E-1	4.6169E-7	4.6169E-7	3.7998E-1	8.1588E-13
4.0000E-1	5.7446E-7	5.7446E-7	3.9995E-1	1.0151E-12
4.2000E-1	6.5351E-7	6.5351E-7	4.1999E-1	1.1549E-12
4.4000E-1	7.2384E-7	7.2384E-7	4.3999E-1	1.2791E-12
4.6000E-1	8.4324E-7	8.4324E-7	4.6002E-1	1.4901E-12
4.8000E-1	9.4933E-7	9.4933E-7	4.8004E-1	1.6776E-12
5.0000E-1	1.1058E-6	1.1058E-6	5.0004E-1	1.9540E-12
5.2000E-1	1.1489E-6	1.1489E-6	5.2007E-1	2.0303E-12
5.4000E-1	1.3032E-6	1.3032E-6	5.4006E-1	2.3029E-12
5.6000E-1	1.5524E-6	1.5524E-6	5.6006E-1	2.7434E-12
5.8000E-1	1.6924E-6	1.6924E-6	5.8003E-1	2.9907E-12
6.0000E-1	1.8548E-6	1.8548E-6	6.0002E-1	3.2777E-12
6.2000E-1	2.1307E-6	2.1307E-6	6.2003E-1	3.7653E-12
6.4000E-1	2.4390E-6	2.4390E-6	6.4000E-1	4.3100E-12
6.6000E-1	2.7304E-6	2.7304E-6	6.6000E-1	4.8249E-12
6.8000E-1	3.1664E-6	3.1664E-6	6.7999E-1	5.5955E-12
7.0000E-1	3.4083E-6	3.4083E-6	7.0002E-1	6.0230E-12
7.2000E-1	3.7435E-6	3.7435E-6	7.2005E-1	6.6154E-12
7.4000E-1	4.0396E-6	4.0396E-6	7.4004E-1	7.1385E-12
7.6000E-1	4.5036E-6	4.5036E-6	7.6006E-1	7.9585E-12
7.8000E-1	5.4109E-6	5.4109E-6	7.8006E-1	9.5619E-12
8.0000E-1	5.7858E-6	5.7858E-6	8.0009E-1	1.0224E-11
8.2000E-1	6.6701E-6	6.6701E-6	8.2009E-1	1.1787E-11
8.4000E-1	7.4331E-6	7.4331E-6	8.4007E-1	1.3135E-11
8.6000E-1	8.2509E-6	8.2509E-6	8.6007E-1	1.4581E-11
8.8000E-1	9.1832E-6	9.1832E-6	8.8002E-1	1.6228E-11
9.0000E-1	1.0262E-5	1.0262E-5	9.0003E-1	1.8134E-11
9.2000E-1	1.1986E-5	1.1986E-5	9.2000E-1	2.1181E-11
9.4000E-1	1.4558E-5	1.4558E-5	9.4001E-1	2.5726E-11
9.6000E-1	1.5650E-5	1.5650E-5	9.6004E-1	2.7656E-11
9.8000E-1	1.8216E-5	1.8216E-5	9.8004E-1	3.2190E-11
1.0000E+0	2.1576E-5	2.1576E-5	1.0001E+0	3.8128E-11
9.8000E-1	1.7290E-5	1.7290E-5	9.8004E-1	3.0554E-11
9.6000E-1	1.5990E-5	1.5990E-5	9.6004E-1	2.8257E-11
9.4000E-1	1.3006E-5	1.3006E-5	9.4001E-1	2.2984E-11
9.2000E-1	1.0604E-5	1.0604E-5	9.2000E-1	1.8738E-11
9.0000E-1	9.0645E-6	9.0645E-6	9.0003E-1	1.6018E-11
8.8000E-1	7.7874E-6	7.7874E-6	8.8002E-1	1.3761E-11
8.6000E-1	6.8368E-6	6.8368E-6	8.6007E-1	1.2082E-11
8.4000E-1	5.8985E-6	5.8985E-6	8.4006E-1	1.0424E-11
8.2000E-1	5.3483E-6	5.3483E-6	8.2009E-1	9.4512E-12
8.0000E-1	4.5505E-6	4.5505E-6	8.0009E-1	8.0415E-12
7.8000E-1	3.9872E-6	3.9872E-6	7.8006E-1	7.0460E-12
7.6000E-1	3.3905E-6	3.3905E-6	7.6006E-1	5.9916E-12
7.4000E-1	2.9801E-6	2.9801E-6	7.4003E-1	5.2662E-12
7.2000E-1	2.6506E-6	2.6506E-6	7.2005E-1	4.6839E-12
7.0000E-1	2.3207E-6	2.3207E-6	7.0002E-1	4.1010E-12
6.8000E-1	2.0226E-6	2.0226E-6	6.7999E-1	3.5743E-12
6.6000E-1	1.7789E-6	1.7789E-6	6.6000E-1	3.1436E-12
6.4000E-1	1.6043E-6	1.6043E-6	6.4000E-1	2.8351E-12
6.2000E-1	1.3648E-6	1.3648E-6	6.2003E-1	2.4118E-12
6.0000E-1	1.2402E-6	1.2402E-6	6.0002E-1	2.1916E-12
5.8000E-1	1.0931E-6	1.0931E-6	5.8003E-1	1.9317E-12
5.6000E-1	9.5283E-7	9.5283E-7	5.6006E-1	1.6838E-12
5.4000E-1	7.7695E-7	7.7695E-7	5.4006E-1	1.3730E-12
5.2000E-1	7.1367E-7	7.1367E-7	5.2007E-1	1.2612E-12
5.0000E-1	6.5489E-7	6.5489E-7	5.0004E-1	1.1573E-12
4.8000E-1	5.8446E-7	5.8446E-7	4.8004E-1	1.0328E-12
4.6000E-1	4.8581E-7	4.8581E-7	4.6002E-1	8.5850E-13
4.4000E-1	4.2314E-7	4.2314E-7	4.3999E-1	7.4775E-13
4.2000E-1	3.3014E-7	3.3014E-7	4.1999E-1	5.8340E-13
4.0000E-1	2.8685E-7	2.8685E-7	3.9995E-1	5.0691E-13
3.8000E-1	2.3940E-7	2.3940E-7	3.7998E-1	4.2306E-13
3.6000E-1	4.5879E-8	4.5879E-8	3.5998E-1	8.1074E-14
3.4000E-1	2.9135E-8	2.9135E-8	3.3997E-1	5.1486E-14
3.2000E-1	3.5382E-9	3.5382E-9	3.2002E-1	6.2526E-15
3.0000E-1	3.7796E-9	-3.7796E-9	3.0001E-1	-6.6791E-15
2.8000E-1	1.8381E-8	-1.8381E-8	2.8004E-1	-3.2482E-14
2.6000E-1	2.6342E-8	-2.6342E-8	2.6004E-1	-4.6551E-14
2.4000E-1	3.4101E-8	-3.4101E-8	2.4001E-1	-6.0262E-14
2.2000E-1	3.3103E-8	-3.3103E-8	2.2001E-1	-5.8498E-14
2.0000E-1	4.5897E-8	-4.5897E-8	1.9998E-1	-8.1106E-14
1.8000E-1	5.2086E-8	-5.2086E-8	1.8000E-1	-9.2043E-14
1.6000E-1	5.3666E-8	-5.3666E-8	1.5997E-1	-9.4836E-14
1.4000E-1	5.7237E-8	-5.7237E-8	1.3997E-1	-1.0115E-13
1.2000E-1	7.0630E-8	-7.0630E-8	1.1995E-1	-1.2481E-13
1.0000E-1	6.9418E-8	-6.9418E-8	9.9950E-2	-1.2267E-13
8.0000E-2	1.0176E-7	-1.0176E-7	7.9980E-2	-1.7983E-13
6.0000E-2	9.0274E-8	-9.0274E-8	5.9989E-2	-1.5953E-13
4.0000E-2	9.2190E-8	-9.2190E-8	4.0021E-2	-1.6291E-13
2.0000E-2	9.9978E-8	-9.9978E-8	2.0018E-2	-1.7668E-13
0.0000E+0	1.0296E-7	-1.0296E-7	1.5289E-5	-1.8195E-13
-2.0000E-2	1.0077E-7	-1.0077E-7	-1.9928E-2	-1.7807E-13
-4.0000E-2	1.0973E-7	-1.0973E-7	-3.9934E-2	-1.9391E-13
-6.0000E-2	1.2771E-7	-1.2771E-7	-5.9904E-2	-2.2568E-13
-8.0000E-2	1.2435E-7	-1.2435E-7	-7.9897E-2	-2.1974E-13
0.0000E+0	7.8919E-8	-7.8919E-8	4.7039E-5	-1.3946E-13
0.0000E+0	9.5722E-8	-9.5722E-8	4.6249E-5	-1.6915E-13
