0	1.8462E-7	2.0892E-7	1.6449E-7	1.6427E-7	1.3799E-7	1.4222E-7	1.2522E-7	1.3155E-7	1.3407E-7	1.2961E-7	1.2772E-7	1.2871E-7	1.2652E-7	1.1601E-7	1.085E-7	1.1658E-7	1.2212E-7	1.4845E-7	1.2579E-7
0.02	1.4217E-6	1.5058E-6	1.4543E-6	1.4192E-6	1.3376E-6	1.4022E-6	1.3875E-6	1.3347E-6	1.4092E-6	1.4005E-6	1.3201E-6	1.3934E-6	1.3823E-6	1.3744E-6	1.3194E-6	1.3869E-6	1.3814E-6	1.4261E-6	1.425E-6
0.04	1.5402E-6	1.4803E-6	1.5005E-6	1.4867E-6	1.4784E-6	1.465E-6	1.4518E-6	1.3825E-6	1.3808E-6	1.4608E-6	1.3591E-6	1.4554E-6	1.454E-6	1.3571E-6	1.3557E-6	1.4383E-6	1.4204E-6	1.4755E-6	1.3763E-6
0.06	1.495E-6	1.5222E-6	1.5563E-6	1.4433E-6	1.4274E-6	1.4412E-6	1.4729E-6	1.4207E-6	1.4833E-6	1.5022E-6	1.396E-6	1.4151E-6	1.395E-6	1.4667E-6	1.4603E-6	1.4614E-6	1.3967E-6	1.4122E-6	1.4766E-6
0.08	1.6064E-6	1.5527E-6	1.5977E-6	1.5585E-6	1.5457E-6	1.4632E-6	1.5088E-6	1.5374E-6	1.5245E-6	1.4188E-6	1.503E-6	1.4307E-6	1.4223E-6	1.4897E-6	1.4092E-6	1.4788E-6	1.4888E-6	1.5211E-6	1.4357E-6
0.1	1.6793E-6	1.6997E-6	1.6368E-6	1.6159E-6	1.5733E-6	1.5766E-6	1.4572E-6	1.489E-6	1.552E-6	1.5506E-6	1.4514E-6	1.5652E-6	1.5381E-6	1.4577E-6	1.5387E-6	1.4607E-6	1.5302E-6	1.5634E-6	1.5468E-6
0.12	1.6317E-6	1.6551E-6	1.5906E-6	1.6585E-6	1.6115E-6	1.63E-6	1.58E-6	1.5273E-6	1.5998E-6	1.6007E-6	1.5606E-6	1.5049E-6	1.5839E-6	1.5015E-6	1.5008E-6	1.5748E-6	1.4895E-6	1.531E-6	1.5243E-6
0.14	1.7769E-6	1.7092E-6	1.7352E-6	1.6826E-6	1.6681E-6	1.7029E-6	1.5632E-6	1.5718E-6	1.5707E-6	1.6355E-6	1.5321E-6	1.6337E-6	1.6111E-6	1.6191E-6	1.5414E-6	1.5407E-6	1.5363E-6	1.6444E-6	1.6243E-6
0.16	1.8196E-6	1.8751E-6	1.7075E-6	1.6839E-6	1.7304E-6	1.7513E-6	1.7026E-6	1.6397E-6	1.6183E-6	1.6995E-6	1.5954E-6	1.7037E-6	1.6774E-6	1.6687E-6	1.6776E-6	1.573E-6	1.6601E-6	1.6077E-6	1.6712E-6
0.18	1.8935E-6	1.9166E-6	1.8726E-6	1.7771E-6	1.791E-6	1.7964E-6	1.7631E-6	1.6954E-6	1.7598E-6	1.7492E-6	1.7307E-6	1.6608E-6	1.7504E-6	1.7319E-6	1.7431E-6	1.7158E-6	1.6485E-6	1.7499E-6	1.6585E-6
0.2	1.9798E-6	1.983E-6	1.9405E-6	1.8219E-6	1.7737E-6	1.8886E-6	1.7543E-6	1.7942E-6	1.8232E-6	1.7428E-6	1.7152E-6	1.7329E-6	1.7343E-6	1.8072E-6	1.8319E-6	1.7101E-6	1.8107E-6	1.8126E-6	1.8264E-6
0.22	1.983E-6	2.077E-6	2.037E-6	1.9114E-6	1.991E-6	2.0003E-6	1.934E-6	1.9407E-6	1.9279E-6	1.8256E-6	1.8595E-6	1.8201E-6	1.8983E-6	1.8279E-6	1.9378E-6	1.8631E-6	1.85E-6	1.8454E-6	1.9061E-6
0.24	2.0746E-6	2.1086E-6	2.147E-6	2.0985E-6	2.0882E-6	2.0325E-6	1.9575E-6	2.0127E-6	2.013E-6	2.0028E-6	1.8797E-6	1.9223E-6	1.9881E-6	2.0022E-6	2.0463E-6	1.975E-6	2.0385E-6	1.9335E-6	2.0156E-6
0.26	2.2491E-6	2.2702E-6	2.2616E-6	2.1906E-6	2.1931E-6	2.2106E-6	2.0781E-6	2.1947E-6	2.1025E-6	2.1283E-6	2.0656E-6	2.122E-6	2.1091E-6	2.1054E-6	2.1713E-6	2.1099E-6	2.1706E-6	2.1468E-6	2.1475E-6
0.28	2.3686E-6	2.4082E-6	2.3829E-6	2.3437E-6	2.3374E-6	2.3451E-6	2.2946E-6	2.3299E-6	2.1512E-6	2.2946E-6	2.2057E-6	2.2685E-6	2.2457E-6	2.1977E-6	2.2498E-6	2.2008E-6	2.3651E-6	2.3005E-6	2.2875E-6
0.3	2.4656E-6	2.6138E-6	2.4676E-6	2.4788E-6	2.4784E-6	2.5245E-6	2.4481E-6	2.5004E-6	2.4185E-6	2.3691E-6	2.3938E-6	2.448E-6	2.3279E-6	2.4482E-6	2.4311E-6	2.4525E-6	2.6324E-6	2.4704E-6	2.45E-6
0.32	2.6675E-6	2.8164E-6	2.7691E-6	2.6672E-6	2.5486E-6	2.7006E-6	2.6732E-6	2.6741E-6	2.4962E-6	2.5798E-6	2.6049E-6	2.5855E-6	2.5529E-6	2.6163E-6	2.6443E-6	2.5894E-6	2.7082E-6	2.6848E-6	2.674E-6
0.34	2.8102E-6	2.9678E-6	2.9045E-6	2.896E-6	2.744E-6	2.9238E-6	2.9044E-6	2.8677E-6	2.8141E-6	2.8336E-6	2.7576E-6	2.89E-6	2.914E-6	2.8539E-6	2.9196E-6	2.8447E-6	3.184E-6	2.9725E-6	2.9606E-6
0.36	3.233E-6	3.1903E-6	3.3598E-6	3.1833E-6	3.1094E-6	3.1693E-6	3.1555E-6	3.116E-6	2.9524E-6	3.1198E-6	3.1537E-6	3.2328E-6	3.2748E-6	3.1751E-6	3.335E-6	3.1171E-6	3.4967E-6	3.3166E-6	3.5217E-6
0.38	3.5466E-6	3.4236E-6	3.7079E-6	3.4796E-6	3.3366E-6	3.4652E-6	3.4774E-6	3.4217E-6	3.3002E-6	3.5396E-6	3.509E-6	3.5062E-6	3.6168E-6	3.6544E-6	3.6126E-6	3.5073E-6	4.5704E-6	3.5469E-6	4.026E-6
0.4	3.6744E-6	3.8349E-6	4.2059E-6	3.8049E-6	3.7282E-6	3.7934E-6	3.6499E-6	3.768E-6	3.6366E-6	3.8689E-6	3.8442E-6	3.8717E-6	4.0049E-6	4.1411E-6	4.165E-6	3.9466E-6	5.7662E-6	4.0354E-6	4.4535E-6
0.42	4.3493E-6	4.1725E-6	4.3537E-6	4.1766E-6	4.1209E-6	4.1417E-6	4.1918E-6	4.1849E-6	4.0493E-6	4.4562E-6	4.3317E-6	4.3202E-6	4.367E-6	4.7728E-6	4.5701E-6	4.388E-6	7.0552E-6	4.5066E-6	5.4324E-6
0.44	4.8312E-6	4.9678E-6	4.5273E-6	4.5469E-6	4.5288E-6	4.6818E-6	4.5875E-6	4.7004E-6	4.4522E-6	5.0003E-6	4.9496E-6	5.0209E-6	5.0223E-6	5.4985E-6	5.2763E-6	5.0162E-6	8.1614E-6	5.2239E-6	5.71E-6
0.46	5.1812E-6	5.5897E-6	6.0075E-6	5.0392E-6	5.1248E-6	5.2758E-6	5.272E-6	5.3357E-6	4.9073E-6	5.5892E-6	5.5575E-6	5.6295E-6	5.7218E-6	6.2477E-6	5.8159E-6	5.5435E-6	1.0702E-5	5.7298E-6	7.0485E-6
0.48	5.8312E-6	6.4913E-6	8.874E-6	5.62E-6	5.714E-6	5.8537E-6	5.9673E-6	6.0082E-6	5.6547E-6	6.3433E-6	6.1653E-6	6.4061E-6	6.5275E-6	7.0463E-6	6.9237E-6	6.4215E-6	1.2883E-5	6.7187E-6	1.1055E-5
0.5	6.39E-6	7.097E-6	7.6429E-6	6.4488E-6	6.5348E-6	6.5423E-6	6.6817E-6	6.7629E-6	6.4391E-6	7.108E-6	7.0615E-6	7.5091E-6	7.2461E-6	8.0608E-6	7.8558E-6	7.5144E-6	2.2033E-5	7.4955E-6	1.4071E-5
0.52	7.2286E-6	7.815E-6	8.106E-6	7.2122E-6	7.3924E-6	7.3911E-6	7.5722E-6	7.6835E-6	7.2828E-6	8.256E-6	8.1425E-6	8.6613E-6	8.3509E-6	9.0656E-6	8.8308E-6	8.5501E-6	2.1001E-5	8.5993E-6	1.8907E-5
0.54	8.1573E-6	8.8042E-6	9.614E-6	8.2126E-6	8.449E-6	8.5907E-6	8.6067E-6	8.6487E-6	8.4023E-6	9.2069E-6	9.3036E-6	1.008E-5	9.5883E-6	1.0446E-5	1.0008E-5	9.9549E-6	2.2813E-5	1.0026E-5	2.0101E-5
0.56	9.041E-6	1.0452E-5	1.1419E-5	9.3757E-6	9.6047E-6	9.8516E-6	9.952E-6	9.8443E-6	9.8009E-6	1.046E-5	1.078E-5	1.1466E-5	1.0936E-5	1.1723E-5	1.1283E-5	1.1289E-5	3.0892E-5	1.1299E-5	2.5836E-5
0.58	9.9038E-6	1.184E-5	1.3646E-5	1.0783E-5	1.0841E-5	1.1087E-5	1.1511E-5	1.1372E-5	1.1256E-5	1.217E-5	1.2174E-5	1.3083E-5	1.2645E-5	1.3588E-5	1.2917E-5	1.3007E-5	3.3855E-5	1.3237E-5	3.0543E-5
0.6	1.2045E-5	1.4768E-5	1.5293E-5	1.2329E-5	1.244E-5	1.2524E-5	1.2824E-5	1.2967E-5	1.2983E-5	1.3697E-5	1.4172E-5	1.5034E-5	1.4651E-5	1.5876E-5	1.4805E-5	1.4982E-5	4.1878E-5	1.5615E-5	3.2418E-5
0.62	1.3084E-5	1.3637E-5	1.8254E-5	1.4149E-5	1.4182E-5	1.4485E-5	1.4898E-5	1.4944E-5	1.5032E-5	1.5575E-5	1.6288E-5	1.7134E-5	1.6556E-5	1.7567E-5	1.7313E-5	1.7137E-5	5.782E-5	1.7554E-5	4.1986E-5
0.64	1.5034E-5	1.5131E-5	1.6365E-5	1.6361E-5	1.6227E-5	1.6512E-5	1.7118E-5	1.6909E-5	1.7282E-5	1.7983E-5	1.8357E-5	1.9899E-5	1.9037E-5	2.0295E-5	1.9543E-5	1.977E-5	5.722E-5	2.0095E-5	4.5497E-5
0.66	1.8117E-5	1.9513E-5	2.2644E-5	1.8783E-5	1.8311E-5	1.8908E-5	1.9928E-5	1.9738E-5	1.981E-5	2.087E-5	2.113E-5	2.2797E-5	2.1964E-5	2.3187E-5	2.2213E-5	2.2899E-5	6.3207E-5	2.4205E-5	6.3331E-5
0.68	2.384E-5	2.4682E-5	2.5359E-5	2.1527E-5	2.0724E-5	2.16E-5	2.2917E-5	2.2934E-5	2.2555E-5	2.46E-5	2.423E-5	2.6053E-5	2.5199E-5	2.6635E-5	2.5503E-5	2.6345E-5	7.6663E-5	2.7602E-5	6.302E-5
0.7	2.5131E-5	2.6455E-5	2.7547E-5	2.4648E-5	2.3403E-5	2.5084E-5	2.6861E-5	2.6206E-5	2.6361E-5	2.8287E-5	2.7959E-5	3.0889E-5	2.9484E-5	3.1054E-5	2.962E-5	3.0742E-5	8.3581E-5	3.3384E-5	7.5507E-5
0.72	2.8617E-5	3.3548E-5	4.2227E-5	2.8109E-5	2.6921E-5	2.9009E-5	3.193E-5	3.0203E-5	3.0349E-5	3.3422E-5	3.3141E-5	2.7885E-5	2.8578E-5	2.9386E-5	2.8619E-5	3.045E-5	8.5023E-5	3.0814E-5	8.3655E-5
0.74	2.753E-5	3.1877E-5	5.1465E-5	3.3422E-5	3.2259E-5	2.9171E-5	3.0818E-5	2.8965E-5	2.955E-5	3.2016E-5	3.0588E-5	3.8882E-5	3.7628E-5	4.0236E-5	3.8037E-5	4.0789E-5	9.5693E-5	4.1076E-5	9.4405E-5
0.76	5.1941E-5	4.6148E-5	3.3554E-5	3.1909E-5	3.0303E-5	4.301E-5	3.9204E-5	3.8985E-5	3.9162E-5	4.2886E-5	4.1903E-5	4.4477E-5	4.5525E-5	4.5632E-5	4.4868E-5	4.7258E-5	1.0895E-4	4.8626E-5	1.0041E-4
0.78	3.6205E-5	4.4982E-5	3.8021E-5	4.3643E-5	4.1622E-5	4.4357E-5	4.7457E-5	4.5684E-5	4.5596E-5	4.9217E-5	4.8057E-5	5.1004E-5	5.0902E-5	5.3148E-5	5.1598E-5	5.4772E-5	1.1786E-4	5.4127E-5	1.1048E-4
0.8	5.9401E-5	4.2829E-5	4.5046E-5	4.9502E-5	5.0107E-5	5.1359E-5	5.2111E-5	5.2183E-5	5.2276E-5	5.6772E-5	5.5664E-5	5.8782E-5	5.8793E-5	6.0458E-5	5.9042E-5	6.2918E-5	1.2682E-4	6.3267E-5	1.1785E-4
0.82	6.0109E-5	6.7058E-5	8.5486E-5	5.7936E-5	6.0317E-5	7.0088E-5	5.8184E-5	5.9991E-5	6.2829E-5	6.6009E-5	6.4736E-5	6.7102E-5	6.7475E-5	7.0346E-5	6.7968E-5	7.3692E-5	1.4283E-4	7.1682E-5	1.337E-4
0.84	5.4053E-5	5.95E-5	8.0182E-5	6.6429E-5	6.341E-5	7.145E-5	7.2479E-5	6.9537E-5	7.2955E-5	7.5302E-5	7.4719E-5	7.7146E-5	7.9556E-5	8.1355E-5	7.8866E-5	8.3697E-5	1.5829E-4	8.1843E-5	1.4889E-4
0.86	6.2466E-5	8.8677E-5	6.6044E-5	7.6648E-5	7.6442E-5	8.3185E-5	8.3849E-5	7.9025E-5	8.5307E-5	8.8197E-5	8.13E-5	8.9447E-5	9.0257E-5	9.3312E-5	8.8773E-5	9.7796E-5	1.7112E-4	9.3053E-5	1.5133E-4
0.88	7.1876E-5	1.0947E-4	1.1394E-4	9.1756E-5	8.4919E-5	9.6768E-5	8.8353E-5	9.0532E-5	9.6347E-5	9.9263E-5	9.9421E-5	1.019E-4	1.0424E-4	1.0529E-4	1.044E-4	1.112E-4	1.8722E-4	1.0659E-4	1.7829E-4
0.9	8.345E-5	8.4924E-5	1.1896E-4	1.0532E-4	1.0976E-4	1.19E-4	1.0548E-4	1.0334E-4	1.2705E-4	1.1523E-4	1.1431E-4	1.1788E-4	1.2185E-4	1.2442E-4	1.2353E-4	1.2829E-4	1.9966E-4	1.2204E-4	1.8503E-4
0.92	9.3785E-5	9.6796E-5	1.4123E-4	1.5713E-4	1.3802E-4	1.5589E-4	1.3154E-4	1.2128E-4	1.492E-4	1.3233E-4	1.3383E-4	1.3513E-4	1.3599E-4	1.4064E-4	1.4181E-4	1.448E-4	2.0888E-4	1.3848E-4	2.0833E-4
0.94	1.0628E-4	1.1035E-4	1.6028E-4	1.5689E-4	1.3714E-4	1.9464E-4	1.5692E-4	1.3996E-4	1.7023E-4	1.5469E-4	1.5241E-4	1.5373E-4	1.5737E-4	1.6133E-4	1.561E-4	1.6276E-4	2.2129E-4	1.5764E-4	2.4181E-4
0.96	1.192E-4	1.5104E-4	1.6909E-4	1.6118E-4	1.6086E-4	1.8294E-4	1.7607E-4	1.5935E-4	2.0189E-4	1.725E-4	1.7269E-4	1.7487E-4	1.8255E-4	1.8207E-4	1.8236E-4	1.8848E-4	2.5989E-4	1.8027E-4	2.4863E-4
0.98	1.4684E-4	1.8793E-4	1.4108E-4	2.2791E-4	2.165E-4	2.2115E-4	1.9031E-4	1.8512E-4	2.2308E-4	1.9453E-4	1.8357E-4	2.0393E-4	2.1172E-4	2.0996E-4	2.0808E-4	2.1133E-4	2.8121E-4	2.094E-4	2.8801E-4
1	1.5388E-4	1.983E-4	2.2442E-4	2.3878E-4	2.264E-4	2.7056E-4	2.3387E-4	2.1667E-4	2.543E-4	2.2335E-4	2.2625E-4	2.3508E-4	2.4806E-4	2.3962E-4	2.4615E-4	2.4459E-4	3.3422E-4	2.4254E-4	3.3316E-4
0.98	1.5189E-4	1.7505E-4	1.5163E-4	2.2945E-4	1.9418E-4	2.1294E-4	1.9999E-4	1.8008E-4	2.2212E-4	1.9487E-4	1.9837E-4	2.0102E-4	2.1618E-4	2.0747E-4	2.12E-4	2.1364E-4	2.6423E-4	2.0815E-4	2.4226E-4
0.96	1.5625E-4	1.2258E-4	1.1692E-4	1.7543E-4	1.6153E-4	1.7762E-4	1.6285E-4	1.5814E-4	1.8835E-4	1.6654E-4	1.7041E-4	1.7616E-4	1.871E-4	1.8158E-4	1.8422E-4	1.835E-4	2.4381E-4	1.8078E-4	2.2271E-4
0.94	1.0671E-4	1.0827E-4	1.3084E-4	1.6018E-4	1.5418E-4	1.5373E-4	1.3912E-4	1.3419E-4	1.6474E-4	1.4714E-4	1.4788E-4	1.5248E-4	1.5386E-4	1.5838E-4	1.6213E-4	1.6213E-4	2.0821E-4	1.5826E-4	2.2976E-4
0.92	8.9921E-5	9.3756E-5	8.6016E-5	1.2776E-4	1.1454E-4	1.3002E-4	1.2016E-4	1.1744E-4	1.3706E-4	1.2674E-4	1.2732E-4	1.3067E-4	1.3484E-4	1.3694E-4	1.3437E-4	1.424E-4	1.8612E-4	1.372E-4	2.1126E-4
0.9	8.1266E-5	8.6195E-5	7.465E-5	1.0687E-4	1.0002E-4	1.1117E-4	1.0317E-4	9.9567E-5	1.2608E-4	1.1098E-4	1.1039E-4	1.1295E-4	1.1645E-4	1.1832E-4	1.197E-4	1.2405E-4	1.6498E-4	1.1855E-4	1.7937E-4
0.88	7.3881E-5	7.2473E-5	8.5083E-5	9.3303E-5	8.0093E-5	9.4391E-5	8.7139E-5	8.6332E-5	1.0802E-4	9.5687E-5	9.5497E-5	9.696E-5	1.0008E-4	1.0336E-4	1.0016E-4	1.0738E-4	1.4615E-4	1.0387E-4	1.6477E-4
0.86	6.1971E-5	6.1272E-5	6.2839E-5	7.9471E-5	8.0284E-5	7.9122E-5	7.6895E-5	7.4102E-5	9.1816E-5	8.2125E-5	8.0807E-5	8.5034E-5	8.1151E-5	9.0767E-5	8.817E-5	9.3689E-5	1.2678E-4	9.0565E-5	1.4763E-4
0.84	5.6476E-5	5.5442E-5	7.4678E-5	6.7602E-5	6.5083E-5	6.8223E-5	6.5925E-5	6.4878E-5	7.5711E-5	7.0859E-5	7.0825E-5	7.491E-5	7.5266E-5	7.8631E-5	7.5544E-5	8.1741E-5	1.2988E-4	7.8109E-5	1.4888E-4
0.82	5.3856E-5	5.3681E-5	4.9169E-5	5.619E-5	5.4207E-5	6.9113E-5	5.5359E-5	5.5862E-5	6.4245E-5	6.235E-5	6.226E-5	6.3793E-5	6.5711E-5	6.6345E-5	6.7897E-5	7.1154E-5	1.0095E-4	6.9082E-5	1.2989E-4
0.8	4.2167E-5	4.1839E-5	4.1319E-5	4.7902E-5	4.7882E-5	4.8109E-5	4.7394E-5	4.7453E-5	5.0507E-5	5.3797E-5	5.3772E-5	5.4541E-5	5.619E-5	5.7948E-5	5.7871E-5	6.0866E-5	8.7486E-5	5.9407E-5	1.1518E-4
0.78	4.6403E-5	3.5712E-5	3.5618E-5	4.0698E-5	3.9057E-5	4.5099E-5	4.0859E-5	4.1618E-5	4.349E-5	4.6062E-5	4.6097E-5	4.7607E-5	4.8458E-5	5.022E-5	4.833E-5	5.2453E-5	8.5289E-5	5.2345E-5	8.2054E-5
0.76	2.7416E-5	2.7058E-5	3.1894E-5	3.209E-5	3.572E-5	3.5307E-5	3.5125E-5	3.5339E-5	3.6652E-5	4.0268E-5	3.9847E-5	4.1519E-5	4.1796E-5	4.3019E-5	4.2545E-5	4.6261E-5	7.2649E-5	4.3025E-5	1.0169E-4
0.74	2.6743E-5	2.5715E-5	2.767E-5	2.4883E-5	2.5142E-5	3.2021E-5	2.6453E-5	2.627E-5	2.738E-5	3.4316E-5	3.4865E-5	3.5666E-5	3.601E-5	3.7427E-5	3.6815E-5	3.9805E-5	6.8681E-5	3.9083E-5	7.3724E-5
0.72	2.1669E-5	2.2066E-5	2.369E-5	2.2943E-5	2.3357E-5	2.3515E-5	2.4251E-5	2.461E-5	2.5298E-5	2.587E-5	2.6148E-5	2.7117E-5	2.6425E-5	2.7435E-5	2.7682E-5	3.4336E-5	6.018E-5	3.467E-5	8.6293E-5
0.7	1.8016E-5	1.9133E-5	2.0181E-5	1.9746E-5	2.0206E-5	2.2103E-5	2.0918E-5	2.1118E-5	2.099E-5	2.4324E-5	2.5209E-5	2.5734E-5	2.5187E-5	2.5838E-5	2.6686E-5	2.6352E-5	5.7502E-5	2.5921E-5	8.0871E-5
0.68	1.6688E-5	1.6285E-5	1.7969E-5	1.6921E-5	1.6804E-5	1.8885E-5	1.7706E-5	1.8106E-5	1.7998E-5	2.0895E-5	2.2566E-5	2.2104E-5	2.1699E-5	2.2354E-5	2.2865E-5	2.4541E-5	4.8496E-5	2.4359E-5	6.4824E-5
0.66	1.536E-5	1.4216E-5	1.5401E-5	1.4729E-5	1.4474E-5	1.5808E-5	1.5295E-5	1.5312E-5	1.5481E-5	1.7642E-5	1.8487E-5	1.8925E-5	1.852E-5	1.9235E-5	1.9146E-5	2.0774E-5	4.6327E-5	2.0766E-5	6.6367E-5
0.64	1.2356E-5	1.1921E-5	1.3644E-5	1.2889E-5	1.2511E-5	1.3639E-5	1.3044E-5	1.3038E-5	1.3091E-5	1.4726E-5	1.6118E-5	1.6099E-5	1.5495E-5	1.614E-5	1.612E-5	1.716E-5	4.2152E-5	1.7653E-5	5.4754E-5
0.62	1.0542E-5	1.0166E-5	1.181E-5	1.0863E-5	1.0944E-5	1.1631E-5	1.1083E-5	1.123E-5	1.0936E-5	1.2664E-5	1.3684E-5	1.3816E-5	1.3357E-5	1.3701E-5	1.3679E-5	1.4602E-5	4.1887E-5	1.4989E-5	4.8559E-5
0.6	9.7258E-6	8.6377E-6	1.0369E-5	9.2177E-6	9.34E-6	9.9362E-6	9.383E-6	9.6066E-6	9.3669E-6	1.0639E-5	1.1777E-5	1.195E-5	1.1017E-5	1.1537E-5	1.1464E-5	1.2368E-5	3.2463E-5	1.2568E-5	4.4604E-5
0.58	7.7222E-6	7.396E-6	8.8679E-6	7.813E-6	7.8912E-6	8.4942E-6	7.8262E-6	8.0794E-6	7.8183E-6	9.1893E-6	9.9154E-6	1.0291E-5	9.3653E-6	9.7536E-6	9.7825E-6	1.0165E-5	3.2621E-5	1.0417E-5	3.5724E-5
0.56	6.6631E-6	6.3156E-6	6.7441E-6	6.5173E-6	6.4215E-6	6.8625E-6	6.5053E-6	6.8915E-6	6.5468E-6	7.4566E-6	8.6933E-6	8.6598E-6	7.7564E-6	8.3015E-6	8.1594E-6	8.5799E-6	2.0566E-5	8.8115E-6	2.1065E-5
0.54	5.4668E-6	5.2656E-6	5.6662E-6	5.4097E-6	5.3384E-6	5.8109E-6	5.4503E-6	5.7124E-6	5.399E-6	6.0702E-6	7.2329E-6	7.0579E-6	6.3513E-6	6.8212E-6	6.7694E-6	7.3154E-6	2.6036E-5	7.3724E-6	2.0984E-5
0.52	4.5503E-6	4.4391E-6	4.7177E-6	4.5382E-6	4.2949E-6	4.9441E-6	4.4891E-6	4.6741E-6	4.4148E-6	5.192E-6	6.0805E-6	5.7787E-6	5.3383E-6	5.6248E-6	5.7907E-6	6.3011E-6	2.1373E-5	6.1551E-6	2.5677E-5
0.5	3.7692E-6	3.6133E-6	3.9107E-6	3.6983E-6	3.5575E-6	4.0002E-6	3.6388E-6	3.8208E-6	3.5163E-6	4.1414E-6	5.526E-6	4.8054E-6	4.3183E-6	4.5108E-6	4.7227E-6	4.8938E-6	1.9625E-5	4.9716E-6	2.2203E-5
0.48	3.1801E-6	3.0188E-6	3.2947E-6	2.951E-6	2.84E-6	3.1287E-6	2.9481E-6	3.1542E-6	2.8411E-6	3.4458E-6	4.1528E-6	4.0299E-6	3.5949E-6	3.7981E-6	3.8773E-6	3.8492E-6	1.6344E-5	4.1468E-6	1.1738E-5
0.46	2.4488E-6	2.4385E-6	2.5453E-6	2.3553E-6	2.3288E-6	2.5712E-6	2.3456E-6	2.4152E-6	2.2555E-6	2.71E-6	3.3812E-6	3.0358E-6	2.8368E-6	3.0789E-6	3.1118E-6	3.1023E-6	1.4163E-5	3.4026E-6	9.396E-6
0.44	2.0228E-6	1.8939E-6	1.8796E-6	1.9129E-6	1.8268E-6	2.0456E-6	1.769E-6	1.9497E-6	1.6271E-6	2.2138E-6	2.752E-6	2.341E-6	2.2114E-6	2.2863E-6	2.5101E-6	2.7508E-6	1.1346E-5	2.6851E-6	7.2223E-6
0.42	1.4846E-6	1.4143E-6	1.5237E-6	1.4441E-6	1.3029E-6	1.5045E-6	1.4085E-6	1.3539E-6	1.1883E-6	1.7329E-6	2.0934E-6	1.7765E-6	1.6789E-6	1.7266E-6	1.864E-6	2.0954E-6	5.3124E-6	1.9774E-6	3.2626E-6
0.4	1.1868E-6	1.0122E-6	1.0606E-6	1.0103E-6	9.4433E-7	1.048E-6	9.9045E-7	1.0331E-6	8.0506E-7	1.0281E-6	1.7278E-6	1.2484E-6	1.2113E-6	1.0953E-6	1.3844E-6	1.6927E-6	7.3565E-6	1.4423E-6	2.3608E-6
0.38	7.1419E-7	7.8074E-7	7.435E-7	7.4183E-7	7.2277E-7	7.185E-7	6.3402E-7	5.9689E-7	5.5011E-7	7.2313E-7	9.8467E-7	7.661E-7	6.7346E-7	7.3977E-7	8.9649E-7	1.2826E-6	3.2832E-6	9.5531E-7	1.3539E-6
0.36	4.7921E-7	3.5819E-7	4.62E-7	4.4132E-7	4.3701E-7	4.1412E-7	3.0376E-7	2.461E-7	1.9129E-7	3.1156E-7	8.0963E-7	3.7397E-7	4.6181E-7	3.1888E-7	4.765E-7	8.3051E-7	2.186E-6	6.3061E-7	8.4026E-7
0.34	2.4493E-7	1.0539E-7	1.8836E-7	1.5284E-7	1.0618E-7	2.2046E-7	9.19E-8	9.119E-8	9.6411E-9	-3.7575E-9	5.3865E-7	9.008E-8	1.5645E-7	5.0971E-8	2.1313E-7	4.1846E-7	2.6801E-6	2.7803E-7	3.2157E-7
0.32	1.7416E-8	-3.292E-8	-5.9199E-8	-5.5201E-8	-6.5877E-9	-1.0798E-7	-1.9085E-7	-1.9083E-7	-2.8443E-7	-1.6364E-7	1.8995E-7	-1.2879E-7	-1.5157E-7	-2.0956E-7	-7.3582E-8	9.7887E-8	1.0609E-6	-6.6648E-8	1.4071E-7
0.3	-2.6398E-7	-2.0107E-7	-1.5904E-7	-2.0858E-7	-3.0082E-7	-1.8703E-7	-3.9422E-7	-3.4205E-7	-4.4641E-7	-3.8003E-7	-8.5996E-8	-3.4585E-7	-2.5141E-7	-4.1372E-7	-2.8504E-7	-2.0499E-7	3.4947E-7	-2.2195E-7	-2.3633E-7
0.28	-4.3608E-7	-3.5219E-7	-3.2603E-7	-4.6763E-7	-3.6934E-7	-4.3554E-7	-4.4696E-7	-4.2021E-7	-5.9738E-7	-4.4299E-7	-3.5965E-7	-4.881E-7	-5.0351E-7	-4.7512E-7	-3.7028E-7	-3.7164E-7	1.2621E-8	-4.7473E-7	-4.2392E-7
0.26	-5.6581E-7	-5.3504E-7	-5.5324E-7	-5.1521E-7	-5.7645E-7	-5.7069E-7	-6.4919E-7	-6.3445E-7	-6.3525E-7	-6.5994E-7	-4.5765E-7	-6.3109E-7	-5.9711E-7	-6.099E-7	-5.3437E-7	-5.8784E-7	-1.603E-7	-6.2421E-7	-5.6277E-7
0.24	-6.8168E-7	-6.4141E-7	-6.843E-7	-7.0846E-7	-7.2231E-7	-6.9075E-7	-6.9041E-7	-7.7326E-7	-8.1655E-7	-7.7937E-7	-6.1368E-7	-7.5123E-7	-6.6638E-7	-7.0956E-7	-6.5601E-7	-6.3645E-7	-6.9893E-7	-6.8536E-7	-6.6669E-7
0.22	-7.8877E-7	-7.3975E-7	-7.9479E-7	-8.2284E-7	-8.1457E-7	-7.1896E-7	-8.8156E-7	-7.7698E-7	-8.1185E-7	-8.9271E-7	-7.5092E-7	-8.592E-7	-7.7182E-7	-8.1103E-7	-7.4791E-7	-8.2177E-7	-7.3526E-7	-7.606E-7	-7.2647E-7
0.2	-7.9605E-7	-9.1525E-7	-8.6868E-7	-8.3197E-7	-8.0935E-7	-8.7089E-7	-9.4597E-7	-9.2189E-7	-8.7682E-7	-9.5145E-7	-8.3822E-7	-9.3428E-7	-9.4234E-7	-8.8148E-7	-9.3284E-7	-9.5507E-7	-9.3168E-7	-8.5212E-7	-9.1452E-7
0.18	-9.0357E-7	-9.2517E-7	-9.5519E-7	-8.971E-7	-8.7461E-7	-8.9935E-7	-9.2775E-7	-9.1441E-7	-1.0277E-6	-1.0184E-6	-9.9746E-7	-1.0183E-6	-9.4094E-7	-9.6071E-7	-9.1422E-7	-9.395E-7	-1.0358E-6	-1.0102E-6	-9.7428E-7
0.16	-9.5151E-7	-1.0651E-6	-1.0295E-6	-1.0336E-6	-9.4478E-7	-1.0225E-6	-1.0029E-6	-9.998E-7	-1.0977E-6	-1.0922E-6	-9.9093E-7	-1.0022E-6	-9.9001E-7	-1.0139E-6	-1.0914E-6	-1.0814E-6	-9.9649E-7	-1.0643E-6	-1.035E-6
0.14	-1.0252E-6	-1.1071E-6	-1.018E-6	-1.0791E-6	-1.083E-6	-1.1031E-6	-1.1284E-6	-1.0442E-6	-1.1472E-6	-1.0411E-6	-1.1374E-6	-1.0489E-6	-1.1268E-6	-1.0476E-6	-1.1279E-6	-1.1281E-6	-1.1246E-6	-1.1151E-6	-1.0196E-6
0.12	-1.0947E-6	-1.0719E-6	-1.0572E-6	-1.1465E-6	-1.0662E-6	-1.1445E-6	-1.173E-6	-1.0822E-6	-1.1839E-6	-1.1078E-6	-1.1633E-6	-1.0756E-6	-1.1683E-6	-1.1723E-6	-1.187E-6	-1.1895E-6	-1.1612E-6	-1.0843E-6	-1.1686E-6
0.1	-1.2177E-6	-1.2282E-6	-1.1131E-6	-1.1061E-6	-1.1201E-6	-1.1729E-6	-1.2197E-6	-1.1288E-6	-1.144E-6	-1.1222E-6	-1.139E-6	-1.1296E-6	-1.1363E-6	-1.2261E-6	-1.2112E-6	-1.1396E-6	-1.2264E-6	-1.19E-6	-1.2026E-6
0.08	-1.1793E-6	-1.2799E-6	-1.2343E-6	-1.2115E-6	-1.2379E-6	-1.1504E-6	-1.1646E-6	-1.1426E-6	-1.2664E-6	-1.1762E-6	-1.2566E-6	-1.2508E-6	-1.2412E-6	-1.1734E-6	-1.1608E-6	-1.1742E-6	-1.2493E-6	-1.2293E-6	-1.1516E-6
0.06	-1.3131E-6	-1.2908E-6	-1.2782E-6	-1.1826E-6	-1.2042E-6	-1.1935E-6	-1.2855E-6	-1.2643E-6	-1.1952E-6	-1.279E-6	-1.2846E-6	-1.2867E-6	-1.1965E-6	-1.286E-6	-1.266E-6	-1.1921E-6	-1.288E-6	-1.1902E-6	-1.1851E-6
0.04	-1.3539E-6	-1.3411E-6	-1.3101E-6	-1.3113E-6	-1.3E-6	-1.2904E-6	-1.3122E-6	-1.2171E-6	-1.2219E-6	-1.3028E-6	-1.3201E-6	-1.2221E-6	-1.2308E-6	-1.3035E-6	-1.3003E-6	-1.3088E-6	-1.2234E-6	-1.1973E-6	-1.2211E-6
0.02	-1.3083E-6	-1.2952E-6	-1.3632E-6	-1.2479E-6	-1.3382E-6	-1.2555E-6	-1.3327E-6	-1.2536E-6	-1.2457E-6	-1.3224E-6	-1.3511E-6	-1.3449E-6	-1.2398E-6	-1.2374E-6	-1.3315E-6	-1.3395E-6	-1.3649E-6	-1.3091E-6	-1.3251E-6
0	-1.3395E-6	-1.3242E-6	-1.388E-6	-1.3576E-6	-1.2778E-6	-1.3625E-6	-1.3543E-6	-1.352E-6	-1.3591E-6	-1.2714E-6	-1.3563E-6	-1.2803E-6	-1.253E-6	-1.3434E-6	-1.3509E-6	-1.2713E-6	-1.3465E-6	-1.3376E-6	-1.2608E-6
-0.02	-1.3839E-6	-1.412E-6	-1.341E-6	-1.3125E-6	-1.3719E-6	-1.3833E-6	-1.3726E-6	-1.3711E-6	-1.3052E-6	-1.3664E-6	-1.3179E-6	-1.3026E-6	-1.3704E-6	-1.2875E-6	-1.3694E-6	-1.3721E-6	-1.3883E-6	-1.2699E-6	-1.3558E-6
-0.04	-1.4214E-6	-1.4629E-6	-1.4442E-6	-1.3238E-6	-1.4177E-6	-1.4032E-6	-1.3984E-6	-1.3263E-6	-1.4019E-6	-1.307E-6	-1.4073E-6	-1.3251E-6	-1.4113E-6	-1.3195E-6	-1.3999E-6	-1.3312E-6	-1.409E-6	-1.3704E-6	-1.3902E-6
-0.06	-1.5455E-6	-1.5256E-6	-1.4844E-6	-1.365E-6	-1.4407E-6	-1.3601E-6	-1.439E-6	-1.4193E-6	-1.4373E-6	-1.4226E-6	-1.3575E-6	-1.4157E-6	-1.421E-6	-1.4272E-6	-1.4177E-6	-1.348E-6	-1.3609E-6	-1.4046E-6	-1.4166E-6
-0.08	-1.5034E-6	-1.4729E-6	-1.4199E-6	-1.4711E-6	-1.4607E-6	-1.4671E-6	-1.3681E-6	-1.4533E-6	-1.4647E-6	-1.4374E-6	-1.3702E-6	-1.3654E-6	-1.354E-6	-1.3649E-6	-1.4367E-6	-1.3716E-6	-1.3641E-6	-1.4332E-6	-1.4347E-6
-0.1	-1.6385E-6	-1.4932E-6	-1.5687E-6	-1.5147E-6	-1.429E-6	-1.5212E-6	-1.4898E-6	-1.4906E-6	-1.4839E-6	-1.376E-6	-1.4879E-6	-1.3848E-6	-1.4711E-6	-1.4653E-6	-1.4935E-6	-1.3913E-6	-1.4755E-6	-1.3633E-6	-1.464E-6
-0.12	-1.6072E-6	-1.6326E-6	-1.5468E-6	-1.5609E-6	-1.5374E-6	-1.5365E-6	-1.5259E-6	-1.4521E-6	-1.508E-6	-1.5196E-6	-1.4505E-6	-1.4996E-6	-1.4283E-6	-1.4954E-6	-1.5037E-6	-1.5121E-6	-1.5037E-6	-1.4741E-6	-1.5023E-6
-0.14	-1.7692E-6	-1.7058E-6	-1.5983E-6	-1.6269E-6	-1.5916E-6	-1.5039E-6	-1.4978E-6	-1.4896E-6	-1.5547E-6	-1.4739E-6	-1.5664E-6	-1.5481E-6	-1.4706E-6	-1.5286E-6	-1.5519E-6	-1.4582E-6	-1.5505E-6	-1.5171E-6	-1.4599E-6
-0.16	-1.7897E-6	-1.7886E-6	-1.6658E-6	-1.6647E-6	-1.5714E-6	-1.5738E-6	-1.5507E-6	-1.5438E-6	-1.6058E-6	-1.5793E-6	-1.5302E-6	-1.6187E-6	-1.5297E-6	-1.506E-6	-1.6116E-6	-1.5176E-6	-1.5886E-6	-1.4848E-6	-1.4983E-6
-0.18	-1.8919E-6	-1.8943E-6	-1.8483E-6	-1.7623E-6	-1.7474E-6	-1.7408E-6	-1.6993E-6	-1.6233E-6	-1.671E-6	-1.5745E-6	-1.6633E-6	-1.595E-6	-1.5891E-6	-1.5667E-6	-1.6435E-6	-1.547E-6	-1.5669E-6	-1.5264E-6	-1.6462E-6
-0.2	-2.0857E-6	-2.0399E-6	-1.9058E-6	-1.8827E-6	-1.8363E-6	-1.8174E-6	-1.8013E-6	-1.7106E-6	-1.6754E-6	-1.7275E-6	-1.7358E-6	-1.748E-6	-1.7393E-6	-1.658E-6	-1.7306E-6	-1.7144E-6	-1.7319E-6	-1.6151E-6	-1.7343E-6
-0.22	-2.3071E-6	-2.2126E-6	-2.0836E-6	-2.0174E-6	-1.8998E-6	-1.8826E-6	-1.8214E-6	-1.9237E-6	-1.7905E-6	-1.7761E-6	-1.7662E-6	-1.8131E-6	-1.8481E-6	-1.757E-6	-1.843E-6	-1.8342E-6	-1.8366E-6	-1.8047E-6	-1.835E-6
-0.24	-2.7085E-6	-2.5388E-6	-2.332E-6	-2.2051E-6	-2.1551E-6	-2.0491E-6	-2.092E-6	-2.0143E-6	-1.9615E-6	-1.9214E-6	-1.907E-6	-1.9423E-6	-1.9061E-6	-1.983E-6	-1.8948E-6	-1.9771E-6	-1.9953E-6	-1.9557E-6	-1.8612E-6
-0.26	-3.1509E-6	-2.8976E-6	-2.6153E-6	-2.391E-6	-2.3613E-6	-2.3855E-6	-2.3095E-6	-2.2819E-6	-2.2794E-6	-2.2365E-6	-2.1142E-6	-2.1519E-6	-2.1432E-6	-2.1881E-6	-2.1732E-6	-2.039E-6	-2.1713E-6	-2.1487E-6	-2.0503E-6
-0.28	-3.821E-6	-3.4347E-6	-3.1391E-6	-2.8621E-6	-2.7154E-6	-2.636E-6	-2.5905E-6	-2.5355E-6	-2.5137E-6	-2.5388E-6	-2.3956E-6	-2.5067E-6	-2.4167E-6	-2.4225E-6	-2.3515E-6	-2.3355E-6	-2.4575E-6	-2.3164E-6	-2.313E-6
-0.3	-4.6971E-6	-4.2133E-6	-3.6902E-6	-3.2734E-6	-3.2269E-6	-3.2422E-6	-3.0041E-6	-3.0034E-6	-2.9108E-6	-2.9147E-6	-2.8045E-6	-2.8861E-6	-2.74E-6	-2.8197E-6	-2.8165E-6	-2.6512E-6	-2.8347E-6	-2.7477E-6	-2.6323E-6
-0.32	-5.9781E-6	-5.2446E-6	-4.4282E-6	-3.936E-6	-3.8238E-6	-3.7918E-6	-3.5021E-6	-3.5399E-6	-3.3348E-6	-3.4653E-6	-3.3191E-6	-3.4216E-6	-3.2028E-6	-3.2797E-6	-3.254E-6	-3.0674E-6	-3.2869E-6	-3.1728E-6	-3.1047E-6
-0.34	-7.7385E-6	-6.6253E-6	-5.5827E-6	-4.8753E-6	-4.855E-6	-4.7494E-6	-4.3537E-6	-4.2641E-6	-4.118E-6	-4.1363E-6	-3.8693E-6	-3.9878E-6	-3.9424E-6	-4.0443E-6	-3.9714E-6	-3.6252E-6	-4.028E-6	-3.9025E-6	-3.8145E-6
-0.36	-1.006E-5	-8.5903E-6	-7.073E-6	-6.3209E-6	-5.9602E-6	-5.8178E-6	-5.3613E-6	-5.2817E-6	-5.0894E-6	-5.3286E-6	-4.8879E-6	-4.913E-6	-4.7494E-6	-4.9085E-6	-4.8048E-6	-4.4971E-6	-4.8827E-6	-4.7102E-6	-4.6888E-6
-0.38	-1.3462E-5	-1.1973E-5	-9.044E-6	-8.0413E-6	-7.4668E-6	-7.2557E-6	-6.891E-6	-6.6589E-6	-6.3796E-6	-6.5852E-6	-5.9996E-6	-6.1026E-6	-6.0242E-6	-6.1144E-6	-6.0771E-6	-5.4714E-6	-6.2003E-6	-5.8371E-6	-5.9191E-6
-0.4	-1.8139E-5	-1.5811E-5	-1.2071E-5	-1.0159E-5	-9.8055E-6	-9.1898E-6	-8.9603E-6	-8.3626E-6	-8.0559E-6	-8.3845E-6	-7.5426E-6	-7.8142E-6	-7.5859E-6	-7.5626E-6	-7.7498E-6	-6.9349E-6	-7.8594E-6	-7.2301E-6	-7.3382E-6
-0.42	-2.4222E-5	-2.0303E-5	-1.5711E-5	-1.337E-5	-1.2872E-5	-1.1938E-5	-1.177E-5	-1.0917E-5	-1.0364E-5	-1.0612E-5	-9.6546E-6	-9.7989E-6	-9.6684E-6	-9.5942E-6	-9.8954E-6	-8.5317E-6	-1.0021E-5	-9.396E-6	-9.5128E-6
-0.44	-3.3255E-5	-2.7033E-5	-2.0917E-5	-1.7941E-5	-1.6458E-5	-1.5671E-5	-1.4869E-5	-1.4166E-5	-1.3611E-5	-1.3658E-5	-1.2531E-5	-1.259E-5	-1.234E-5	-1.2132E-5	-1.2485E-5	-1.0982E-5	-1.2703E-5	-1.19E-5	-1.2081E-5
-0.46	-1.819E-5	-3.278E-5	-2.7816E-5	-2.3262E-5	-2.1678E-5	-2.0747E-5	-1.9459E-5	-1.8391E-5	-1.7719E-5	-1.767E-5	-1.6225E-5	-1.5844E-5	-1.5734E-5	-1.5905E-5	-1.5961E-5	-1.4261E-5	-1.5871E-5	-1.5288E-5	-1.538E-5
-0.48	-5.8567E-5	-4.7176E-5	-3.2735E-5	-3.0932E-5	-2.8527E-5	-2.7746E-5	-2.5539E-5	-2.4137E-5	-2.2848E-5	-2.3031E-5	-2.0718E-5	-2.0458E-5	-2.0107E-5	-2.0403E-5	-2.0361E-5	-1.8239E-5	-2.0526E-5	-1.9793E-5	-1.9665E-5
-0.5	-8.2141E-5	-6.501E-5	-4.7405E-5	-1.3971E-5	-3.4433E-5	-3.3442E-5	-3.3421E-5	-3.1619E-5	-3.0609E-5	-3.028E-5	-2.6385E-5	-2.6059E-5	-2.5675E-5	-2.6478E-5	-2.6053E-5	-2.3334E-5	-2.5952E-5	-2.5185E-5	-2.5223E-5
-0.52	-1.0786E-4	-8.6945E-5	-6.2784E-5	-5.2372E-5	-4.9182E-5	-4.683E-5	-1.8531E-5	-1.4074E-5	-1.3449E-5	-3.5856E-5	-3.1062E-5	-3.3421E-5	-3.3421E-5	-3.3421E-5	-3.3421E-5	-3.0461E-5	-3.3421E-5	-3.2773E-5	-3.2668E-5
-0.54	-1.4322E-4	-1.1585E-4	-8.3938E-5	-7.0469E-5	-6.5506E-5	-6.2597E-5	-5.5037E-5	-5.0955E-5	-5.0731E-5	-5.0873E-5	-4.1317E-5	-1.7011E-5	-1.6397E-5	-1.6928E-5	-1.6137E-5	-3.6124E-5	-1.6919E-5	-1.5212E-5	-1.5104E-5
-0.56	-1.8852E-4	-1.5289E-4	-1.1113E-4	-9.2657E-5	-8.5338E-5	-7.9595E-5	-7.1043E-5	-6.8174E-5	-6.8649E-5	-6.5722E-5	-5.6311E-5	-5.378E-5	-5.2852E-5	-5.4052E-5	-5.4296E-5	-4.9391E-5	-5.3715E-5	-5.1949E-5	-5.2625E-5
-0.58	-2.459E-4	-1.9975E-4	-1.4665E-4	-1.1999E-4	-1.1103E-4	-1.0376E-4	-9.2386E-5	-8.8462E-5	-8.8213E-5	-8.1952E-5	-7.223E-5	-6.98E-5	-6.8848E-5	-6.9258E-5	-7.0424E-5	-6.2897E-5	-6.9933E-5	-6.6715E-5	-6.8877E-5
-0.6	-3.1518E-4	-2.6009E-4	-1.9066E-4	-1.5646E-4	-1.4504E-4	-1.3368E-4	-1.195E-4	-1.1261E-4	-1.1284E-4	-1.0458E-4	-9.6078E-5	-8.916E-5	-8.817E-5	-8.8968E-5	-8.8657E-5	-8.1133E-5	-8.6054E-5	-8.4402E-5	-8.736E-5
-0.62	-3.9903E-4	-3.288E-4	-2.4468E-4	-2.0465E-4	-1.8898E-4	-1.7162E-4	-1.53E-4	-1.4379E-4	-1.4358E-4	-1.3175E-4	-1.1476E-4	-1.1336E-4	-1.1129E-4	-1.1119E-4	-1.1258E-4	-1.0209E-4	-1.1379E-4	-1.0719E-4	-1.1309E-4
-0.64	-5.1098E-4	-4.2633E-4	-3.1407E-4	-2.5765E-4	-2.4093E-4	-2.1834E-4	-1.9319E-4	-1.8287E-4	-1.8429E-4	-1.611E-4	-1.5215E-4	-1.4316E-4	-1.4153E-4	-1.4022E-4	-1.4117E-4	-1.2832E-4	-1.423E-4	-1.3612E-4	-1.4082E-4
-0.66	-6.4327E-4	-5.3821E-4	-3.9122E-4	-3.2417E-4	-3.0719E-4	-2.7761E-4	-2.4462E-4	-2.3066E-4	-2.2668E-4	-2.0266E-4	-1.7503E-4	-1.7984E-4	-1.7596E-4	-1.7418E-4	-1.7695E-4	-1.5946E-4	-1.7935E-4	-1.7157E-4	-1.7844E-4
-0.68	-8.1065E-4	-6.7747E-4	-4.9646E-4	-4.0157E-4	-3.7697E-4	-3.3964E-4	-3.0613E-4	-2.8724E-4	-2.8328E-4	-2.495E-4	-2.4142E-4	-2.244E-4	-2.2093E-4	-2.1576E-4	-2.2031E-4	-1.9933E-4	-2.1404E-4	-2.1112E-4	-2.2419E-4
-0.7	-0.00101	-8.4771E-4	-6.1881E-4	-5.0611E-4	-4.7541E-4	-4.2603E-4	-3.7197E-4	-3.5129E-4	-3.4748E-4	-3.1128E-4	-2.8498E-4	-2.7576E-4	-2.7594E-4	-2.6458E-4	-2.7443E-4	-2.4608E-4	-2.7778E-4	-2.6306E-4	-2.8139E-4
-0.72	-0.00125	-0.00105	-7.6712E-4	-6.26E-4	-5.954E-4	-5.2897E-4	-4.6602E-4	-4.3683E-4	-4.2961E-4	-3.7963E-4	-3.6686E-4	-3.3557E-4	-3.3697E-4	-3.2511E-4	-3.3685E-4	-3.0235E-4	-3.3777E-4	-3.2324E-4	-3.4382E-4
-0.74	-0.00152	-0.00129	-9.4219E-4	-7.7004E-4	-7.2824E-4	-6.5303E-4	-5.7549E-4	-5.3685E-4	-5.2667E-4	-4.6574E-4	-3.6962E-4	-4.1573E-4	-4.1548E-4	-3.9168E-4	-4.1844E-4	-3.6697E-4	-4.06E-4	-3.8926E-4	-4.2233E-4
-0.76	-0.00184	-0.00157	-0.00116	-9.3834E-4	-8.9294E-4	-7.9963E-4	-7.033E-4	-6.5101E-4	-6.2241E-4	-5.6015E-4	-5.2174E-4	-5.0542E-4	-5.082E-4	-4.7995E-4	-5.081E-4	-4.4923E-4	-5.0571E-4	-4.7829E-4	-5.215E-4
-0.78	-0.00221	-0.00189	-0.0014	-0.00114	-0.00108	-9.6668E-4	-8.4897E-4	-7.9079E-4	-7.6815E-4	-6.8533E-4	-6.7252E-4	-6.1356E-4	-6.1235E-4	-5.7617E-4	-6.1555E-4	-5.4288E-4	-5.9862E-4	-5.7541E-4	-6.319E-4
-0.8	-0.00263	-0.00226	-0.00168	-0.00138	-0.00131	-0.00116	-0.00102	-9.5278E-4	-9.3055E-4	-8.2595E-4	-8.1101E-4	-7.3728E-4	-7.3789E-4	-6.9457E-4	-7.4074E-4	-6.577E-4	-7.2233E-4	-6.9282E-4	-7.5292E-4
-0.82	-0.00311	-0.00268	-0.00201	-0.00165	-0.00157	-0.0014	-0.00123	-0.00114	-0.00111	-9.8523E-4	-9.7188E-4	-8.7871E-4	-8.844E-4	-8.2973E-4	-8.8475E-4	-7.8833E-4	-8.5472E-4	-8.2932E-4	-9.0046E-4
-0.84	-0.00358	-0.00317	-0.00239	-0.00197	-0.00186	-0.00166	-0.00146	-0.00135	-0.00128	-0.00117	-0.00105	-0.00105	-0.00106	-9.9064E-4	-0.00105	-9.3648E-4	-0.00104	-9.8464E-4	-0.00109
-0.86	-0.00397	-0.00343	-0.00282	-0.00233	-0.0022	-0.00196	-0.00173	-0.0016	-0.00154	-0.00141	-0.00138	-0.00124	-0.00125	-0.00117	-0.00124	-0.00111	-0.00121	-0.00116	-0.00129
-0.88	-0.00456	-0.00397	-0.00331	-0.00274	-0.00259	-0.0023	-0.00204	-0.00186	-0.00185	-0.00163	-0.00159	-0.00146	-0.00147	-0.00138	-0.00147	-0.0013	-0.00144	-0.00137	-0.00151
-0.9	-0.00528	-0.00462	-0.00373	-0.0032	-0.00302	-0.0027	-0.00238	-0.00217	-0.00216	-0.00192	-0.00133	-0.00172	-0.00173	-0.00161	-0.00172	-0.00153	-0.00167	-0.00161	-0.00179
-0.92	-0.00614	-0.00534	-0.00431	-0.00369	-0.0035	-0.00314	-0.00277	-0.00252	-0.00245	-0.00223	-0.00211	-0.002	-0.00202	-0.00188	-0.00201	-0.00179	-0.002	-0.00187	-0.00212
-0.94	-0.00698	-0.00616	-0.00495	-0.00424	-0.00402	-0.00364	-0.00322	-0.0029	-0.0029	-0.00259	-0.00259	-0.00233	-0.00235	-0.0022	-0.00233	-0.0021	-0.00224	-0.00218	-0.00244
-0.96	-0.00784	-0.00707	-0.00568	-0.00485	-0.00461	-0.00417	-0.00375	-0.00334	-0.0033	-0.003	-0.00296	-0.00269	-0.00272	-0.00254	-0.0027	-0.00242	-0.00267	-0.00251	-0.00287
-0.98	-0.00814	-0.00807	-0.00651	-0.00557	-0.00529	-0.00477	-0.00427	-0.00383	-0.00368	-0.00349	-0.00346	-0.00311	-0.00313	-0.00293	-0.00313	-0.0028	-0.00296	-0.00291	-0.00327
-1	-0.01008	-0.00921	-0.00743	-0.00637	-0.00604	-0.00546	-0.00488	-0.00437	-0.00448	-0.00398	-0.00399	-0.00362	-0.00363	-0.00341	-0.00364	-0.00322	-0.0035	-0.00337	-0.00379
-0.98	-0.00894	-0.00815	-0.00656	-0.00556	-0.0053	-0.00478	-0.00427	-0.00384	-0.00392	-0.00348	-0.00347	-0.00316	-0.00318	-0.00299	-0.00319	-0.00282	-0.00316	-0.00297	-0.00332
-0.96	-0.00737	-0.00717	-0.00576	-0.00488	-0.00463	-0.00418	-0.00371	-0.00335	-0.00338	-0.00305	-0.00291	-0.00273	-0.00275	-0.00259	-0.00276	-0.00246	-0.00274	-0.00258	-0.00284
-0.94	-0.00357	-0.00626	-0.00503	-0.00426	-0.00404	-0.00363	-0.00323	-0.00294	-0.00298	-0.00263	-0.00208	-0.00238	-0.0024	-0.00225	-0.00239	-0.00215	-0.00236	-0.00225	-0.00248
-0.92	-0.00592	-0.00543	-0.00436	-0.00368	-0.0035	-0.00316	-0.00281	-0.00254	-0.00256	-0.00227	-0.00206	-0.00206	-0.00208	-0.00195	-0.00206	-0.00186	-0.00206	-0.00193	-0.00211
-0.9	-0.00496	-0.0047	-0.00377	-0.00321	-0.00305	-0.00272	-0.00241	-0.0022	-0.00171	-0.00196	-0.00194	-0.00178	-0.00179	-0.00169	-0.00178	-0.0016	-0.00177	-0.00167	-0.00185
-0.88	-0.00455	-0.00403	-0.00326	-0.00276	-0.00261	-0.00235	-0.00208	-0.0019	-0.00187	-0.00169	-0.00165	-0.00152	-0.00153	-0.00145	-0.00152	-0.00137	-0.00152	-0.00144	-0.00155
-0.86	-0.0039	-0.00345	-0.00279	-0.00237	-0.00224	-0.00201	-0.00177	-0.00164	-0.00162	-0.00144	-0.00142	-0.00131	-0.00131	-0.00124	-0.00131	-0.00117	-0.0013	-0.00123	-0.00133
-0.84	-0.00337	-0.00291	-0.00238	-0.00203	-0.00191	-0.00172	-0.00151	-0.0014	-0.00137	-0.00123	-0.00105	-0.00112	-0.00112	-0.00106	-0.00111	-0.001	-0.00111	-0.00105	-0.00113
-0.82	-0.0028	-0.00245	-0.00202	-0.00172	-0.00162	-0.00146	-0.00129	-0.00119	-0.00112	-0.00104	-0.00102	-9.405E-4	-9.4931E-4	-9.0049E-4	-9.4142E-4	-8.508E-4	-9.4495E-4	-8.9293E-4	-9.5098E-4
-0.8	-0.00242	-0.00206	-0.0017	-0.00145	-0.00137	-0.00123	-0.00109	-0.00101	-9.6308E-4	-8.4078E-4	-8.5297E-4	-7.9531E-4	-7.972E-4	-7.6322E-4	-7.9553E-4	-7.1803E-4	-7.9701E-4	-7.552E-4	-8.0677E-4
-0.78	-0.00203	-0.00168	-0.00142	-0.00122	-0.00115	-0.00104	-9.1219E-4	-8.5035E-4	-8.2363E-4	-7.3805E-4	-4.8405E-4	-6.7102E-4	-6.7229E-4	-6.4024E-4	-6.7242E-4	-6.0315E-4	-6.7277E-4	-6.3284E-4	-6.753E-4
-0.76	-0.00168	-0.00142	-0.00119	-0.00101	-9.5788E-4	-8.6998E-4	-7.5907E-4	-7.1268E-4	-6.8816E-4	-6.1668E-4	-5.6127E-4	-5.5955E-4	-5.6007E-4	-5.3586E-4	-5.5853E-4	-5.0247E-4	-5.7323E-4	-5.3154E-4	-5.667E-4
-0.74	-0.00139	-0.00117	-9.802E-4	-8.4546E-4	-7.9467E-4	-7.2082E-4	-6.2913E-4	-5.8876E-4	-5.4687E-4	-5.1323E-4	-4.9099E-4	-4.676E-4	-4.632E-4	-4.4668E-4	-4.6348E-4	-4.1981E-4	-4.647E-4	-4.4241E-4	-4.6293E-4
-0.72	-0.00113	-9.4482E-4	-7.9994E-4	-6.9693E-4	-6.5631E-4	-5.9375E-4	-5.1861E-4	-4.9027E-4	-4.7401E-4	-4.1457E-4	-4.102E-4	-3.831E-4	-3.8175E-4	-3.6892E-4	-3.8275E-4	-3.4686E-4	-3.8441E-4	-3.6402E-4	-3.8222E-4
-0.7	-9.2406E-4	-7.653E-4	-6.5198E-4	-5.6842E-4	-5.3541E-4	-4.8744E-4	-4.2369E-4	-4.0308E-4	-3.8475E-4	-3.5015E-4	-3.2996E-4	-3.2952E-4	-3.2895E-4	-3.1837E-4	-3.2817E-4	-2.9389E-4	-3.3086E-4	-3.165E-4	-3.2955E-4
-0.68	-7.3765E-4	-6.0935E-4	-5.2731E-4	-4.6389E-4	-4.3676E-4	-3.9635E-4	-3.4615E-4	-3.2518E-4	-3.293E-4	-2.9152E-4	-2.7133E-4	-2.5628E-4	-2.5215E-4	-2.4619E-4	-2.5349E-4	-2.3109E-4	-2.5414E-4	-2.4393E-4	-2.5377E-4
-0.66	-5.8768E-4	-4.8478E-4	-4.2073E-4	-3.7222E-4	-3.5293E-4	-3.2086E-4	-2.8266E-4	-2.5997E-4	-2.5272E-4	-2.2718E-4	-1.8213E-4	-2.0688E-4	-2.0664E-4	-2.0104E-4	-2.0536E-4	-1.8795E-4	-2.0848E-4	-1.9589E-4	-2.066E-4
-0.64	-4.6004E-4	-3.8153E-4	-3.3607E-4	-3.0722E-4	-2.8573E-4	-2.4866E-4	-2.2151E-4	-2.1183E-4	-2.0734E-4	-1.8339E-4	-1.6434E-4	-1.6683E-4	-1.6586E-4	-1.6328E-4	-1.6568E-4	-1.5176E-4	-1.6083E-4	-1.5918E-4	-1.6557E-4
-0.62	-3.5924E-4	-3.0194E-4	-2.5581E-4	-2.331E-4	-2.2003E-4	-2.0428E-4	-1.7756E-4	-1.6775E-4	-1.6126E-4	-1.4941E-4	-1.4132E-4	-1.3379E-4	-1.3385E-4	-1.3084E-4	-1.3297E-4	-1.23E-4	-1.3566E-4	-1.2943E-4	-1.3323E-4
-0.6	-2.7661E-4	-2.265E-4	-2.0227E-4	-1.8314E-4	-1.7388E-4	-1.597E-4	-1.3909E-4	-1.3372E-4	-1.2983E-4	-1.1653E-4	-1.1228E-4	-1.0655E-4	-1.0542E-4	-1.0425E-4	-1.0632E-4	-9.8146E-5	-1.0856E-4	-1.0217E-4	-1.0695E-4
-0.58	-2.1184E-4	-1.7437E-4	-1.5845E-4	-1.437E-4	-1.3598E-4	-1.2639E-4	-1.1061E-4	-1.0654E-4	-1.0332E-4	-9.394E-5	-8.6225E-5	-8.4836E-5	-8.3682E-5	-8.1535E-5	-8.4938E-5	-7.7448E-5	-8.5667E-5	-8.0399E-5	-8.3686E-5
-0.56	-1.6168E-4	-1.3289E-4	-1.2276E-4	-1.1148E-4	-1.0538E-4	-9.7493E-5	-8.6531E-5	-8.168E-5	-7.9948E-5	-7.2944E-5	-6.6642E-5	-6.6692E-5	-6.5651E-5	-6.4997E-5	-6.6282E-5	-6.1491E-5	-6.2993E-5	-6.4183E-5	-6.6315E-5
-0.54	-1.2197E-4	-1.0166E-4	-9.3258E-5	-8.6528E-5	-8.199E-5	-7.5738E-5	-6.6946E-5	-6.3887E-5	-6.0575E-5	-5.7672E-5	-5.0573E-5	-5.2968E-5	-5.1877E-5	-5.0922E-5	-5.2658E-5	-4.8088E-5	-5.3734E-5	-4.9978E-5	-5.1317E-5
-0.52	-9.0846E-5	-7.5016E-5	-7.1462E-5	-6.6249E-5	-6.2848E-5	-5.8189E-5	-5.2613E-5	-4.9417E-5	-4.8859E-5	-4.5894E-5	-4.1437E-5	-4.0483E-5	-3.9586E-5	-4.1023E-5	-4.0511E-5	-3.7098E-5	-4.1509E-5	-3.921E-5	-4.0824E-5
-0.5	-6.7695E-5	-5.656E-5	-5.4309E-5	-5.0251E-5	-4.748E-5	-4.374E-5	-4.0557E-5	-3.7629E-5	-3.7139E-5	-3.4681E-5	-3.2922E-5	-2.4137E-5	-2.3657E-5	-2.3835E-5	-3.1864E-5	-2.2259E-5	-3.2815E-5	-2.3621E-5	-3.2397E-5
-0.48	-4.9942E-5	-4.171E-5	-4.1455E-5	-3.8002E-5	-3.506E-5	-3.3661E-5	-2.3496E-5	-2.2539E-5	-2.2035E-5	-2.1342E-5	-2.0058E-5	-2.3095E-5	-2.2238E-5	-2.2419E-5	-2.0088E-5	-2.0823E-5	-2.0176E-5	-2.2371E-5	-1.9987E-5
-0.46	-3.6912E-5	-2.3588E-5	-2.3084E-5	-2.1921E-5	-2.0633E-5	-2.0229E-5	-2.1763E-5	-2.0596E-5	-1.9701E-5	-1.8778E-5	-1.7618E-5	-1.7822E-5	-1.6907E-5	-1.7421E-5	-1.8075E-5	-1.5917E-5	-1.7563E-5	-1.7418E-5	-1.7262E-5
-0.44	-2.106E-5	-2.1547E-5	-2.1178E-5	-1.9315E-5	-1.8148E-5	-1.7654E-5	-1.6005E-5	-1.5401E-5	-1.4856E-5	-1.4253E-5	-1.3006E-5	-1.3331E-5	-1.2766E-5	-1.3094E-5	-1.3445E-5	-1.1962E-5	-1.3563E-5	-1.3431E-5	-1.3097E-5
-0.42	-1.835E-5	-1.5888E-5	-1.5745E-5	-1.4371E-5	-1.3288E-5	-1.3164E-5	-1.1828E-5	-1.1283E-5	-1.0684E-5	-1.0398E-5	-9.6886E-6	-9.9251E-6	-9.4488E-6	-9.3056E-6	-9.8841E-6	-8.792E-6	-9.8914E-6	-9.9704E-6	-1.0021E-5
-0.4	-1.3133E-5	-1.1556E-5	-1.1278E-5	-1.0416E-5	-9.6562E-6	-9.4749E-6	-8.9481E-6	-8.1583E-6	-7.7569E-6	-7.7715E-6	-7.1851E-6	-7.2984E-6	-6.9028E-6	-6.7329E-6	-7.3164E-6	-6.3908E-6	-7.5689E-6	-7.1616E-6	-7.1895E-6
-0.38	-9.2648E-6	-8.2235E-6	-8.1431E-6	-7.5413E-6	-6.8802E-6	-6.7211E-6	-6.2882E-6	-5.7819E-6	-5.4383E-6	-5.6835E-6	-5.1132E-6	-4.9027E-6	-4.8369E-6	-4.8394E-6	-5.109E-6	-4.4848E-6	-5.4624E-6	-5.1763E-6	-5.0945E-6
-0.36	-6.5606E-6	-5.8001E-6	-5.817E-6	-5.1638E-6	-4.7875E-6	-4.6533E-6	-4.5753E-6	-3.9696E-6	-3.6501E-6	-4.0767E-6	-3.6845E-6	-3.4088E-6	-3.1453E-6	-3.2132E-6	-3.5786E-6	-2.8805E-6	-3.9106E-6	-3.7063E-6	-3.3553E-6
-0.34	-4.3479E-6	-3.933E-6	-3.9021E-6	-3.4917E-6	-3.2053E-6	-3.1274E-6	-3.0555E-6	-2.7252E-6	-2.3825E-6	-2.542E-6	-2.4925E-6	-2.2802E-6	-2.1485E-6	-2.1558E-6	-2.4897E-6	-1.9784E-6	-2.4647E-6	-2.3628E-6	-2.1455E-6
-0.32	-2.8868E-6	-2.4266E-6	-2.4574E-6	-2.1913E-6	-2.0297E-6	-1.941E-6	-1.986E-6	-1.7326E-6	-1.519E-6	-1.6005E-6	-1.5178E-6	-1.3255E-6	-1.3253E-6	-1.3027E-6	-1.5048E-6	-1.1782E-6	-1.5696E-6	-1.3995E-6	-1.2668E-6
-0.3	-1.6498E-6	-1.4957E-6	-1.4443E-6	-1.2673E-6	-1.2713E-6	-1.0685E-6	-1.0894E-6	-8.9691E-7	-7.1681E-7	-8.2993E-7	-7.3271E-7	-7.1171E-7	-5.9032E-7	-6.1395E-7	-7.6441E-7	-4.9991E-7	-8.9935E-7	-7.1445E-7	-7.115E-7
-0.28	-9.0072E-7	-6.8969E-7	-7.568E-7	-5.867E-7	-5.9715E-7	-4.8188E-7	-4.4659E-7	-3.3027E-7	-2.6715E-7	-2.0098E-7	-3.3424E-7	-1.8736E-7	-1.0558E-7	-1.8248E-7	-2.0227E-7	4.5669E-8	-2.9891E-7	-2.5608E-7	-1.1648E-7
-0.26	-2.8088E-7	-1.5835E-7	-3.0377E-7	-7.5939E-8	-4.9625E-9	-9.4086E-8	-1.9073E-8	1.7023E-8	1.2206E-7	1.859E-7	6.3701E-8	1.5879E-7	2.7828E-7	2.4134E-7	1.2575E-7	3.9604E-7	1.9884E-7	2.0601E-7	2.1928E-7
-0.24	1.0523E-7	2.1536E-7	1.8103E-7	3.0757E-7	3.4657E-7	2.6502E-7	3.4179E-7	3.2028E-7	5.0719E-7	3.9558E-7	4.7303E-7	5.0974E-7	4.656E-7	5.2871E-7	4.2582E-7	6.2299E-7	4.9775E-7	5.1385E-7	5.334E-7
-0.22	5.2228E-7	4.3757E-7	4.6456E-7	4.8731E-7	5.1685E-7	6.1296E-7	5.589E-7	5.6934E-7	6.4365E-7	7.2248E-7	7.3592E-7	7.0362E-7	7.4967E-7	6.4927E-7	7.001E-7	7.0934E-7	7.1375E-7	7.562E-7	6.516E-7
-0.2	6.5265E-7	6.6829E-7	7.0913E-7	6.9803E-7	7.0781E-7	8.1511E-7	8.1474E-7	7.4619E-7	8.8728E-7	9.0651E-7	8.1571E-7	7.854E-7	8.9761E-7	9.075E-7	7.9904E-7	9.2875E-7	8.7323E-7	9.041E-7	8.2479E-7
-0.18	9.452E-7	8.9373E-7	8.9226E-7	8.4638E-7	8.5316E-7	9.4619E-7	9.0025E-7	8.9594E-7	1.0107E-6	9.2172E-7	1.0091E-6	9.3188E-7	1.0125E-6	1.0305E-6	9.9536E-7	9.5586E-7	9.9897E-7	9.3796E-7	9.3976E-7
-0.16	1.076E-6	1.0382E-6	1.0178E-6	1.0495E-6	1.0247E-6	9.7687E-7	1.0718E-6	1.081E-6	1.0307E-6	1.0924E-6	1.0212E-6	1.0964E-6	1.0901E-6	1.1E-6	1.0787E-6	1.1262E-6	1.0867E-6	1.0281E-6	1.0139E-6
-0.14	1.1816E-6	1.1366E-6	1.12E-6	1.1361E-6	1.1362E-6	1.1398E-6	1.0572E-6	1.1647E-6	1.0943E-6	1.1622E-6	1.1875E-6	1.1575E-6	1.1582E-6	1.1745E-6	1.0859E-6	1.0931E-6	1.1627E-6	1.1851E-6	1.1639E-6
-0.12	1.1705E-6	1.1212E-6	1.1788E-6	1.1324E-6	1.1274E-6	1.199E-6	1.1179E-6	1.2216E-6	1.1683E-6	1.2241E-6	1.2303E-6	1.1344E-6	1.1456E-6	1.2327E-6	1.139E-6	1.1366E-6	1.1367E-6	1.2424E-6	1.2379E-6
-0.1	1.2341E-6	1.1836E-6	1.1705E-6	1.2366E-6	1.2733E-6	1.1644E-6	1.1864E-6	1.2613E-6	1.2777E-6	1.2945E-6	1.1818E-6	1.2606E-6	1.2447E-6	1.269E-6	1.2656E-6	1.2688E-6	1.2666E-6	1.2734E-6	1.2796E-6
-0.08	1.2992E-6	1.3337E-6	1.2984E-6	1.2235E-6	1.292E-6	1.3005E-6	1.2271E-6	1.202E-6	1.3196E-6	1.3195E-6	1.3025E-6	1.2228E-6	1.2888E-6	1.2166E-6	1.2303E-6	1.2226E-6	1.3083E-6	1.3026E-6	1.3174E-6
-0.06	1.3666E-6	1.3027E-6	1.2711E-6	1.26E-6	1.3421E-6	1.3525E-6	1.2396E-6	1.2277E-6	1.2606E-6	1.2523E-6	1.2491E-6	1.3376E-6	1.3097E-6	1.3514E-6	1.2508E-6	1.2422E-6	1.2514E-6	1.2611E-6	1.3417E-6
-0.04	1.4746E-6	1.4378E-6	1.3956E-6	1.3873E-6	1.3734E-6	1.2918E-6	1.3694E-6	1.3629E-6	1.3671E-6	1.2932E-6	1.3764E-6	1.2768E-6	1.3555E-6	1.293E-6	1.3474E-6	1.3656E-6	1.264E-6	1.2803E-6	1.3724E-6
-0.02	1.4837E-6	1.3681E-6	5.7258E-7	1.4157E-6	1.4077E-6	1.3226E-6	1.3089E-6	1.3834E-6	1.4069E-6	1.3082E-6	1.3874E-6	1.311E-6	1.2977E-6	1.31E-6	1.3729E-6	1.3941E-6	1.3706E-6	1.2956E-6	1.4108E-6
0	1.4517E-6	1.4947E-6	1.4394E-6	1.4359E-6	1.3349E-6	1.4406E-6	1.3209E-6	1.4131E-6	1.3434E-6	1.4229E-6	1.4117E-6	1.401E-6	1.3832E-6	1.4117E-6	1.4017E-6	1.3136E-6	1.4063E-6	1.3238E-6	1.4202E-6