0	2.98985E-7	2.19693E-7	1.74577E-7	1.38541E-7	3.7674E-8	5.1221E-8	4.927E-8	9.55055E-8	9.79345E-8	7.44945E-8	7.5642E-8	6.1221E-8	6.10005E-8
0.02	8.7448E-7	7.60145E-7	7.0429E-7	6.4264E-7	5.6083E-7	5.3753E-7	5.4678E-7	5.7129E-7	5.5727E-7	5.37855E-7	5.42275E-7	5.24705E-7	5.06935E-7
0.04	1.00331E-6	8.70025E-7	7.961E-7	7.43145E-7	6.7226E-7	6.0295E-7	6.3713E-7	6.6033E-7	6.4948E-7	6.12725E-7	6.3146E-7	5.7824E-7	5.8785E-7
0.06	1.11744E-6	9.85415E-7	8.7147E-7	8.23915E-7	7.1826E-7	6.7655E-7	6.9757E-7	7.5592E-7	6.9576E-7	6.56075E-7	6.59945E-7	6.5088E-7	6.623E-7
0.08	1.26716E-6	1.09636E-6	9.78585E-7	9.11505E-7	8.1067E-7	7.9451E-7	7.3691E-7	8.2121E-7	7.57945E-7	7.34875E-7	7.22615E-7	7.21455E-7	7.03155E-7
0.1	1.4023E-6	1.24595E-6	1.09486E-6	9.9127E-7	9.1694E-7	8.9236E-7	8.5289E-7	9.4498E-7	8.1776E-7	8.1174E-7	8.3061E-7	7.7877E-7	7.7584E-7
0.12	1.59025E-6	1.37105E-6	1.1902E-6	1.12605E-6	1.0265E-6	9.9927E-7	9.4631E-7	1.021E-6	9.00395E-7	8.90985E-7	8.9991E-7	8.6278E-7	8.7533E-7
0.14	1.76805E-6	1.518E-6	1.3421E-6	1.2255E-6	1.1667E-6	1.1298E-6	1.0473E-6	1.1255E-6	1.0112E-6	9.7507E-7	9.91455E-7	9.671E-7	9.5782E-7
0.16	1.91255E-6	1.68685E-6	1.49215E-6	1.3616E-6	1.3426E-6	1.2223E-6	1.0783E-6	1.19525E-6	1.13095E-6	1.0799E-6	1.0818E-6	1.05145E-6	1.0479E-6
0.18	2.12995E-6	1.9029E-6	1.6323E-6	1.52005E-6	1.5209E-6	1.3695E-6	1.2571E-6	1.33145E-6	1.21305E-6	1.20725E-6	1.2067E-6	1.16375E-6	1.18625E-6
0.2	2.39965E-6	2.10815E-6	1.81515E-6	1.6872E-6	1.6433E-6	1.5405E-6	1.4254E-6	1.4937E-6	1.364E-6	1.2967E-6	1.33505E-6	1.3138E-6	1.2907E-6
0.22	2.7733E-6	2.3307E-6	2.04215E-6	1.8905E-6	1.8182E-6	1.7296E-6	1.6276E-6	1.6463E-6	1.489E-6	1.4518E-6	1.4646E-6	1.46515E-6	1.45115E-6
0.24	3.08585E-6	2.63435E-6	2.2772E-6	2.1596E-6	2.1024E-6	1.9774E-6	1.8171E-6	1.8158E-6	1.6439E-6	1.6176E-6	1.611E-6	1.6429E-6	1.6327E-6
0.26	3.31465E-6	2.9282E-6	2.5093E-6	2.40785E-6	2.3351E-6	2.2091E-6	1.9973E-6	2.0173E-6	1.79555E-6	1.777E-6	1.8164E-6	1.80365E-6	1.7998E-6
0.28	3.70945E-6	3.21115E-6	2.82585E-6	2.6982E-6	2.6145E-6	2.4161E-6	2.2752E-6	2.2937E-6	1.9494E-6	1.9682E-6	1.9984E-6	1.9718E-6	2.0321E-6
0.3	4.03485E-6	3.6247E-6	3.1103E-6	2.97325E-6	2.8953E-6	2.7003E-6	2.5383E-6	2.4717E-6	2.15955E-6	2.17535E-6	2.2084E-6	2.2128E-6	2.2041E-6
0.32	4.45E-6	3.9914E-6	3.42155E-6	3.2942E-6	3.2845E-6	3.0469E-6	2.8075E-6	2.7527E-6	2.39855E-6	2.40205E-6	2.423E-6	2.4121E-6	2.45555E-6
0.34	4.76595E-6	4.4273E-6	3.7999E-6	3.7057E-6	3.6583E-6	3.3904E-6	3.0744E-6	3.0077E-6	2.6287E-6	2.635E-6	2.6671E-6	2.74165E-6	2.74695E-6
0.36	5.2804E-6	4.8308E-6	4.26575E-6	4.07935E-6	4.0872E-6	3.7661E-6	3.4363E-6	3.33215E-6	2.93035E-6	2.88635E-6	2.96695E-6	2.9799E-6	3.04735E-6
0.38	5.90695E-6	5.36985E-6	4.70475E-6	4.5511E-6	4.4009E-6	4.261E-6	3.8283E-6	3.6559E-6	3.21205E-6	3.1967E-6	3.2858E-6	3.3024E-6	3.4433E-6
0.4	6.3867E-6	5.90895E-6	5.1816E-6	5.01785E-6	4.8856E-6	4.7407E-6	4.2704E-6	4.0028E-6	3.5039E-6	3.6182E-6	3.6366E-6	3.721E-6	3.77335E-6
0.42	7.2441E-6	6.48145E-6	5.8649E-6	5.54715E-6	5.4635E-6	5.2862E-6	4.3614E-6	4.4697E-6	3.8707E-6	3.99E-6	4.0329E-6	4.1236E-6	4.2079E-6
0.44	7.8498E-6	7.33005E-6	6.4367E-6	6.1387E-6	6.1312E-6	5.8652E-6	5.375E-6	4.8729E-6	4.244E-6	4.3375E-6	4.45055E-6	4.47555E-6	4.5411E-6
0.46	8.65565E-6	7.95215E-6	7.1389E-6	6.8371E-6	6.8021E-6	6.5563E-6	6.081E-6	5.48335E-6	4.71675E-6	4.7182E-6	4.9052E-6	4.96475E-6	5.13055E-6
0.48	1.03093E-5	8.8541E-6	7.9326E-6	7.58865E-6	7.5984E-6	7.2368E-6	6.8126E-6	5.98195E-6	5.21315E-6	5.23285E-6	5.40625E-6	5.45055E-6	5.55495E-6
0.5	9.5227E-6	9.88605E-6	8.7222E-6	8.49675E-6	8.54E-6	8.1492E-6	7.5335E-6	6.65795E-6	5.7352E-6	5.766E-6	5.96995E-6	5.98595E-6	6.17755E-6
0.52	1.22625E-5	1.1018E-5	9.6822E-6	9.53385E-6	9.3928E-6	9.101E-6	8.3865E-6	7.2717E-6	6.30705E-6	6.3699E-6	6.5793E-6	6.74455E-6	6.86525E-6
0.54	1.34725E-5	1.22685E-5	1.0868E-5	1.06765E-5	1.0521E-5	1.0143E-5	9.3312E-6	8.1272E-6	6.9884E-6	6.99635E-6	7.2407E-6	7.3999E-6	7.4882E-6
0.56	1.5197E-5	1.0241E-5	1.20895E-5	1.1963E-5	1.1883E-5	1.1448E-5	1.0407E-5	8.76925E-6	7.7439E-6	7.72865E-6	8.1046E-6	8.17055E-6	8.2529E-6
0.58	1.5927E-5	1.502E-5	1.01478E-5	1.1703E-5	9.6701E-6	1.3046E-5	1.1688E-5	9.7231E-6	8.56985E-6	8.52895E-6	8.99335E-6	8.9477E-6	9.02735E-6
0.6	2.16795E-5	1.68585E-5	1.43735E-5	1.29275E-5	1.4428E-5	1.0618E-5	1.3369E-5	1.0874E-5	9.4924E-6	9.39705E-6	9.95335E-6	9.85105E-6	9.9812E-6
0.62	2.34055E-5	1.8357E-5	1.64665E-5	1.64655E-5	1.6468E-5	1.5419E-5	1.0922E-5	1.21285E-5	1.05425E-5	1.05265E-5	1.1007E-5	1.08965E-5	1.11685E-5
0.64	2.11755E-5	2.04325E-5	1.848E-5	1.83475E-5	1.8553E-5	1.7568E-5	1.6218E-5	9.9538E-6	1.178E-5	1.16535E-5	1.21605E-5	1.2135E-5	1.23595E-5
0.66	2.37915E-5	2.2939E-5	2.0508E-5	2.06035E-5	2.0769E-5	1.9498E-5	1.836E-5	1.4705E-5	1.1347E-5	1.3355E-5	9.8664E-6	9.9416E-6	9.7382E-6
0.68	2.74525E-5	2.52555E-5	2.2675E-5	2.293E-5	2.3186E-5	2.2005E-5	2.0499E-5	1.6555E-5	1.2529E-5	1.0762E-5	1.4483E-5	1.4212E-5	1.4723E-5
0.7	2.92435E-5	2.841E-5	2.57555E-5	2.5439E-5	2.6329E-5	2.5282E-5	2.3123E-5	1.86885E-5	1.58375E-5	1.54275E-5	1.6411E-5	1.6717E-5	1.68845E-5
0.72	3.3654E-5	3.12845E-5	2.8909E-5	2.83005E-5	2.9115E-5	2.7676E-5	2.5506E-5	2.03545E-5	1.7717E-5	1.73775E-5	1.81335E-5	1.8193E-5	1.8483E-5
0.74	3.7788E-5	3.47985E-5	3.17165E-5	3.17125E-5	3.213E-5	3.1052E-5	2.8776E-5	2.27305E-5	1.96095E-5	1.9592E-5	2.0167E-5	1.98655E-5	2.0396E-5
0.76	4.40675E-5	3.8877E-5	3.5215E-5	3.5011E-5	3.6366E-5	3.4589E-5	3.194E-5	2.5469E-5	2.18295E-5	2.15595E-5	2.2127E-5	2.2274E-5	2.2221E-5
0.78	4.76015E-5	4.39885E-5	3.9544E-5	3.8821E-5	4.0294E-5	3.8979E-5	3.5873E-5	2.82485E-5	2.4285E-5	2.391E-5	2.45125E-5	2.4533E-5	2.45555E-5
0.8	5.3257E-5	4.791E-5	4.3918E-5	4.339E-5	4.5248E-5	4.3645E-5	3.9677E-5	3.18735E-5	2.71135E-5	2.63945E-5	2.7467E-5	2.6795E-5	2.72195E-5
0.82	5.89545E-5	5.38115E-5	4.9727E-5	4.84555E-5	5.0591E-5	4.8872E-5	4.4558E-5	3.5552E-5	3.03335E-5	2.95175E-5	3.0268E-5	2.9656E-5	2.98745E-5
0.84	6.52595E-5	6.063E-5	5.5466E-5	5.41085E-5	5.6534E-5	5.4137E-5	4.9907E-5	3.94835E-5	3.45455E-5	3.30465E-5	3.3243E-5	3.29965E-5	3.33115E-5
0.86	6.96195E-5	6.504E-5	6.12605E-5	6.0442E-5	6.3375E-5	6.0052E-5	5.5445E-5	4.4099E-5	3.79425E-5	3.70375E-5	3.70195E-5	3.6932E-5	3.6909E-5
0.88	7.92945E-5	7.2224E-5	6.85545E-5	6.8392E-5	7.0794E-5	6.72E-5	6.2115E-5	4.99805E-5	4.34115E-5	4.10545E-5	4.10645E-5	4.0428E-5	4.06925E-5
0.9	8.71785E-5	8.0304E-5	7.662E-5	7.5729E-5	7.8314E-5	7.5445E-5	6.896E-5	5.5207E-5	4.8982E-5	4.5509E-5	4.6169E-5	4.48015E-5	4.54365E-5
0.92	9.26465E-5	9.0313E-5	8.5018E-5	8.3973E-5	8.7274E-5	8.3697E-5	7.6513E-5	6.1609E-5	5.38005E-5	5.10505E-5	5.20195E-5	4.99935E-5	5.07105E-5
0.94	1.02E-4	1E-4	9.5188E-5	9.4117E-5	9.6791E-5	9.4345E-5	8.542E-5	6.7835E-5	5.83705E-5	5.7003E-5	5.80135E-5	5.5453E-5	5.58175E-5
0.96	1.16E-4	1.12E-4	1.05E-4	1.04E-4	1.08E-4	1.05E-4	9.4926E-5	7.7727E-5	6.6693E-5	6.5597E-5	6.24285E-5	6.1666E-5	6.22105E-5
0.98	1.21E-4	1.23E-4	1.17E-4	1.16E-4	1.21E-4	1.17E-4	1.07E-4	8.5729E-5	7.40015E-5	7.322E-5	7.1813E-5	6.797E-5	6.9059E-5
1	1.38E-4	1.35E-4	1.31E-4	1.28E-4	1.33E-4	1.28E-4	1.18E-4	9.9623E-5	8.3942E-5	8.51805E-5	7.9239E-5	7.78335E-5	7.6553E-5
0.98	1.24E-4	1.3E-4	1.18E-4	1.23E-4	1.32E-4	1.17E-4	1.08E-4	8.7015E-5	7.3801E-5	7.597E-5	7.19245E-5	7.0046E-5	6.89315E-5
0.96	1.08E-4	1.14E-4	1.06E-4	1.07E-4	1.12E-4	1.07E-4	9.733E-5	7.86535E-5	6.72065E-5	6.4068E-5	6.36045E-5	6.08735E-5	6.15855E-5
0.94	9.6068E-5	9.62735E-5	9.6066E-5	9.562E-5	1.01E-4	9.6804E-5	8.7315E-5	8.514E-5	6.0921E-5	5.6722E-5	5.66595E-5	5.5596E-5	5.60845E-5
0.92	8.47215E-5	8.56325E-5	8.7373E-5	8.65185E-5	9.1727E-5	8.6702E-5	7.9828E-5	6.1165E-5	5.3458E-5	5.08785E-5	5.12315E-5	4.9729E-5	5.0174E-5
0.9	7.82905E-5	7.79375E-5	7.9209E-5	7.8546E-5	8.3533E-5	7.8645E-5	7.248E-5	6.79485E-5	4.84665E-5	4.57465E-5	4.5671E-5	4.4649E-5	4.5191E-5
0.88	7.1918E-5	6.95775E-5	7.00285E-5	7.05405E-5	7.497E-5	7.0997E-5	6.5168E-5	6.4747E-5	4.3385E-5	4.112E-5	4.12105E-5	4.0308E-5	4.10675E-5
0.86	6.1674E-5	6.3261E-5	6.31295E-5	6.39145E-5	6.7943E-5	6.3734E-5	5.7733E-5	4.19755E-5	3.9076E-5	3.72605E-5	3.7105E-5	3.64375E-5	3.7534E-5
0.84	5.6934E-5	5.7279E-5	5.7132E-5	5.7805E-5	6.1257E-5	5.7946E-5	5.3168E-5	4.9394E-5	3.52395E-5	3.35375E-5	3.374E-5	3.31425E-5	3.3556E-5
0.82	6.08725E-5	5.1805E-5	5.2204E-5	5.24375E-5	5.554E-5	5.2462E-5	4.8081E-5	3.58705E-5	3.1957E-5	3.00015E-5	3.0293E-5	2.98265E-5	3.05715E-5
0.8	5.0609E-5	4.65565E-5	4.6848E-5	4.7482E-5	4.9858E-5	4.6901E-5	4.3463E-5	3.2353E-5	2.87935E-5	2.7341E-5	2.7665E-5	2.71185E-5	2.7593E-5
0.78	4.21285E-5	4.22905E-5	4.20515E-5	4.20585E-5	4.4902E-5	4.2748E-5	3.9111E-5	2.92165E-5	2.6025E-5	2.45025E-5	2.46575E-5	2.4489E-5	2.485E-5
0.76	3.7999E-5	3.80215E-5	3.8223E-5	3.82395E-5	4.0972E-5	3.8764E-5	3.544E-5	2.647E-5	2.33625E-5	2.2203E-5	2.2638E-5	2.2546E-5	2.2392E-5
0.74	3.4504E-5	3.393E-5	3.388E-5	3.43505E-5	3.6886E-5	3.5047E-5	3.1807E-5	2.38195E-5	2.10175E-5	2.0024E-5	2.0698E-5	2.0567E-5	2.02735E-5
0.72	2.9161E-5	3.0803E-5	3.05705E-5	3.0802E-5	3.2918E-5	3.1344E-5	2.8579E-5	2.1554E-5	1.89815E-5	1.8319E-5	1.87095E-5	1.8322E-5	1.83755E-5
0.7	2.6554E-5	2.7549E-5	2.7612E-5	2.80385E-5	2.9465E-5	2.8188E-5	2.5699E-5	1.91995E-5	1.7032E-5	1.61615E-5	1.67845E-5	1.6318E-5	1.63515E-5
0.68	2.4264E-5	2.5332E-5	2.47605E-5	2.5328E-5	2.6576E-5	2.5257E-5	2.308E-5	1.75005E-5	1.52805E-5	1.47525E-5	1.5138E-5	1.4709E-5	1.5091E-5
0.66	2.18435E-5	2.29135E-5	2.2193E-5	2.28135E-5	2.3839E-5	2.2613E-5	2.0571E-5	1.53925E-5	1.38265E-5	1.34245E-5	1.35595E-5	1.3266E-5	1.3336E-5
0.64	2.01395E-5	2.0468E-5	2.0015E-5	2.04385E-5	2.1532E-5	2.0408E-5	1.827E-5	1.38245E-5	1.0747E-5	1.02515E-5	1.0573E-5	1.0422E-5	1.04615E-5
0.62	1.78025E-5	1.82265E-5	1.7919E-5	1.82725E-5	1.9277E-5	1.818E-5	1.6397E-5	1.08825E-5	1.0576E-5	1.02735E-5	1.05065E-5	1.03245E-5	1.0511E-5
0.6	1.6246E-5	1.61825E-5	1.6068E-5	1.65245E-5	1.729E-5	1.6135E-5	1.4587E-5	1.0748E-5	9.51775E-6	9.14645E-6	9.45795E-6	9.3251E-6	9.3554E-6
0.58	1.4822E-5	1.484E-5	1.42695E-5	1.47465E-5	1.5347E-5	1.4412E-5	1.2987E-5	9.6617E-6	8.5181E-6	8.2126E-6	8.4439E-6	8.3289E-6	8.48115E-6
0.56	1.2568E-5	1.31425E-5	1.2928E-5	1.21145E-5	1.3786E-5	1.285E-5	9.916E-6	8.66515E-6	7.6064E-6	7.2982E-6	7.6175E-6	7.54805E-6	7.61075E-6
0.54	1.21915E-5	1.0492E-5	9.7739E-6	1.04815E-5	1.0549E-5	9.9278E-6	9.6341E-6	7.71355E-6	6.7899E-6	6.48415E-6	6.85715E-6	6.77095E-6	6.77705E-6
0.52	1.06879E-5	1.03171E-5	9.55995E-6	9.72995E-6	1.0302E-5	9.5197E-6	8.6211E-6	6.9005E-6	6.0552E-6	5.81595E-6	6.1005E-6	6.03145E-6	6.12345E-6
0.5	1.08921E-5	9.2346E-6	8.4536E-6	8.68555E-6	9.1606E-6	8.484E-6	7.5779E-6	6.1409E-6	5.4212E-6	5.1246E-6	5.3821E-6	5.34285E-6	5.4118E-6
0.48	8.73735E-6	8.04395E-6	7.4149E-6	7.6683E-6	8.091E-6	7.465E-6	6.6456E-6	5.42195E-6	4.82765E-6	4.59855E-6	4.79595E-6	4.76545E-6	4.74555E-6
0.46	7.7968E-6	7.11155E-6	6.51905E-6	6.7173E-6	7.0773E-6	6.5732E-6	5.8888E-6	4.7826E-6	4.22745E-6	4.02825E-6	4.3064E-6	4.17535E-6	4.2487E-6
0.44	7.2691E-6	6.03895E-6	5.73975E-6	5.91125E-6	6.1525E-6	5.7489E-6	5.1424E-6	4.24235E-6	3.7674E-6	3.58225E-6	3.81075E-6	3.68745E-6	3.80485E-6
0.42	6.3103E-6	5.21025E-6	5.0675E-6	5.1849E-6	5.3948E-6	5.0634E-6	4.4839E-6	3.734E-6	3.27765E-6	3.1671E-6	3.36135E-6	3.24575E-6	3.2984E-6
0.4	5.28135E-6	4.7129E-6	4.39635E-6	4.5659E-6	4.6973E-6	4.3936E-6	3.8131E-6	3.2491E-6	2.86385E-6	2.7618E-6	2.93955E-6	2.8101E-6	2.93685E-6
0.38	4.83565E-6	4.14665E-6	3.90145E-6	3.95395E-6	4.0492E-6	3.7919E-6	3.3048E-6	2.82335E-6	2.475E-6	2.39865E-6	2.55115E-6	2.4653E-6	2.553E-6
0.36	4.2166E-6	3.56045E-6	3.2758E-6	3.4519E-6	3.5064E-6	3.3059E-6	2.8624E-6	2.6188E-6	2.14065E-6	2.07395E-6	2.1863E-6	2.101E-6	2.20205E-6
0.34	3.54425E-6	3.055E-6	2.77745E-6	2.9398E-6	2.9667E-6	2.811E-6	2.4493E-6	2.28625E-6	1.84715E-6	1.7819E-6	1.89695E-6	1.8338E-6	1.85965E-6
0.32	2.99245E-6	2.59165E-6	2.3815E-6	2.491E-6	2.5461E-6	2.3984E-6	2.0957E-6	1.92095E-6	1.5804E-6	1.4897E-6	1.6057E-6	1.56945E-6	1.5528E-6
0.3	2.50185E-6	2.18755E-6	2.0223E-6	2.07975E-6	2.1394E-6	2.0135E-6	1.7413E-6	1.64145E-6	1.34035E-6	1.24885E-6	1.31005E-6	1.3041E-6	1.3016E-6
0.28	2.08705E-6	1.8326E-6	1.64945E-6	1.76235E-6	1.7542E-6	1.6752E-6	1.4457E-6	1.33275E-6	1.0885E-6	1.0383E-6	1.07535E-6	1.1067E-6	1.1007E-6
0.26	1.75585E-6	1.48435E-6	1.33815E-6	1.433E-6	1.4691E-6	1.3256E-6	1.1956E-6	1.04317E-6	9.07915E-7	8.4235E-7	8.8046E-7	8.59205E-7	8.66165E-7
0.24	1.39685E-6	1.2019E-6	1.07115E-6	1.14205E-6	1.1794E-6	1.0286E-6	9.4494E-7	8.64195E-7	7.16815E-7	6.34195E-7	7.0517E-7	6.56725E-7	6.8664E-7
0.22	1.08667E-6	9.45115E-7	8.08315E-7	8.7462E-7	8.8247E-7	8.2129E-7	7.1263E-7	6.62665E-7	5.1444E-7	4.7673E-7	5.34145E-7	5.34615E-7	5.4101E-7
0.2	8.42925E-7	6.72455E-7	5.9139E-7	6.13695E-7	6.4859E-7	5.9153E-7	4.9397E-7	4.95565E-7	3.8375E-7	3.59255E-7	3.84895E-7	3.5294E-7	3.7609E-7
0.18	6.09735E-7	4.9368E-7	3.9035E-7	4.126E-7	4.8594E-7	4.026E-7	1.2948E-7	3.54905E-7	2.3261E-7	2.0513E-7	2.0898E-7	2.2843E-7	2.4857E-7
0.16	3.6855E-7	2.85845E-7	2.0537E-7	2.2804E-7	2.8837E-7	2.3024E-7	1.5878E-7	1.86275E-7	1.2382E-7	1.0145E-7	8.45205E-8	1.15487E-7	1.1016E-7
0.14	1.88995E-7	1.2647E-7	4.63375E-8	9.46175E-8	1.1898E-7	4.1476E-8	3.4801E-8	1.88985E-8	-1.64613E-8	-1.11425E-8	-7.88905E-9	1.16483E-8	-2.2747E-8
0.12	2.21495E-8	-6.70135E-8	-9.3233E-8	-6.41635E-8	-2.243E-8	-8.6605E-8	-7.4169E-8	-7.79445E-8	-1.07429E-7	-1.1934E-7	-1.2384E-7	-1.01144E-7	-1.33635E-7
0.1	-1.44967E-7	-1.9209E-7	-2.29405E-7	-2.0508E-7	-1.8553E-7	-1.9859E-7	-1.8777E-7	-1.67385E-7	-2.16945E-7	-1.8992E-7	-1.93985E-7	-1.89705E-7	-2.0331E-7
0.08	-3.1084E-7	-3.4089E-7	-3.4101E-7	-2.83175E-7	-3.0185E-7	-2.8563E-7	-3.1436E-7	-2.68235E-7	-2.6602E-7	-2.7948E-7	-2.53585E-7	-2.78805E-7	-2.55275E-7
0.06	-4.4379E-7	-4.2018E-7	-4.45885E-7	-4.2309E-7	-3.9896E-7	-3.7365E-7	-3.5699E-7	-3.5378E-7	-3.32975E-7	-3.4512E-7	-3.16205E-7	-3.2935E-7	-3.147E-7
0.04	-5.78515E-7	-5.458E-7	-5.22655E-7	-4.9409E-7	-4.8379E-7	-4.5914E-7	-4.263E-7	-3.9639E-7	-4.0976E-7	-4.11175E-7	-3.92115E-7	-3.74555E-7	-3.7215E-7
0.02	-6.94925E-7	-6.1879E-7	-6.27045E-7	-5.82505E-7	-5.6805E-7	-5.0222E-7	-4.9103E-7	-4.62855E-7	-4.72725E-7	-4.47695E-7	-4.50135E-7	-4.4415E-7	-4.3902E-7
0	-8.0093E-7	-7.39955E-7	-6.9561E-7	-6.6105E-7	-6.0721E-7	-6.0293E-7	-5.9345E-7	-5.27055E-7	-5.4599E-7	-5.1396E-7	-4.8354E-7	-4.75045E-7	-4.88355E-7
-0.02	-9.1276E-7	-8.10665E-7	-7.8257E-7	-7.4634E-7	-6.9825E-7	-6.4461E-7	-6.1859E-7	-6.2507E-7	-5.7475E-7	-5.67415E-7	-5.50025E-7	-5.3203E-7	-5.33555E-7
-0.04	-1.0143E-6	-8.9406E-7	-8.68125E-7	-8.2615E-7	-7.8312E-7	-7.4962E-7	-6.7883E-7	-6.8713E-7	-6.4565E-7	-6.03565E-7	-6.07115E-7	-5.95555E-7	-5.6823E-7
-0.06	-1.14435E-6	-1.00201E-6	-9.772E-7	-9.48175E-7	-9.1983E-7	-8.2009E-7	-7.6531E-7	-7.58595E-7	-6.976E-7	-6.68995E-7	-6.828E-7	-6.56605E-7	-6.3769E-7
-0.08	-1.2698E-6	-1.1579E-6	-1.1007E-6	-1.07355E-6	-1.0086E-6	-9.5602E-7	-8.9038E-7	-8.5086E-7	-7.74405E-7	-7.37945E-7	-7.3585E-7	-7.2153E-7	-7.26505E-7
-0.1	-1.46495E-6	-1.26975E-6	-1.2915E-6	-1.2581E-6	-1.1695E-6	-1.076E-6	-1.0284E-6	-9.59625E-7	-8.8534E-7	-8.45085E-7	-8.2431E-7	-8.06555E-7	-7.9328E-7
-0.12	-1.6505E-6	-1.45885E-6	-1.4622E-6	-1.4231E-6	-1.4118E-6	-1.2849E-6	-1.1614E-6	-1.0971E-6	-9.84935E-7	-9.4945E-7	-9.2891E-7	-8.8099E-7	-8.67535E-7
-0.14	-1.8809E-6	-1.6642E-6	-1.72325E-6	-1.67925E-6	-1.6399E-6	-1.5139E-6	-1.3675E-6	-1.2713E-6	-1.1396E-6	-1.064E-6	-1.0508E-6	-1.01612E-6	-1.00577E-6
-0.16	-2.1263E-6	-1.94605E-6	-2.03125E-6	-1.9835E-6	-2.0038E-6	-1.7779E-6	-1.6464E-6	-1.44205E-6	-1.34155E-6	-1.22625E-6	-1.2083E-6	-1.17305E-6	-1.1424E-6
-0.18	-2.47655E-6	-2.32255E-6	-2.43845E-6	-2.40565E-6	-2.4951E-6	-2.2258E-6	-2.0425E-6	-1.72015E-6	-1.55705E-6	-1.4518E-6	-1.44975E-6	-1.35825E-6	-1.3337E-6
-0.2	-2.85985E-6	-2.7501E-6	-2.94725E-6	-2.92885E-6	-3.0506E-6	-2.7206E-6	-2.4956E-6	-2.08055E-6	-1.85185E-6	-1.7101E-6	-1.675E-6	-1.57255E-6	-1.5405E-6
-0.22	-3.27155E-6	-3.32435E-6	-3.6161E-6	-3.6159E-6	-3.8363E-6	-3.4256E-6	-3.1825E-6	-2.5146E-6	-2.22945E-6	-2.02905E-6	-2.01845E-6	-1.89035E-6	-1.86895E-6
-0.24	-3.95565E-6	-4.04575E-6	-4.52005E-6	-4.55515E-6	-4.8913E-6	-4.3447E-6	-3.9586E-6	-3.05665E-6	-2.7259E-6	-2.46685E-6	-2.47565E-6	-2.27715E-6	-2.18725E-6
-0.26	-4.72865E-6	-4.99885E-6	-5.7097E-6	-5.8238E-6	-6.2831E-6	-5.5827E-6	-5.0394E-6	-3.79275E-6	-3.35485E-6	-3.04365E-6	-3.03455E-6	-2.75665E-6	-2.6702E-6
-0.28	-5.72015E-6	-6.16905E-6	-7.2133E-6	-7.3609E-6	-8.022E-6	-7.1317E-6	-6.4098E-6	-4.7323E-6	-4.17245E-6	-3.7849E-6	-3.75825E-6	-3.3824E-6	-3.25755E-6
-0.3	-6.9244E-6	-7.79145E-6	-9.10655E-6	-9.38575E-6	-1.0185E-5	-9.1847E-6	-8.1756E-6	-5.9688E-6	-5.2498E-6	-4.7438E-6	-4.69125E-6	-4.1857E-6	-4.04825E-6
-0.32	-8.52065E-6	-9.8175E-6	-1.1557E-5	-1.20255E-5	-1.3202E-5	-1.1827E-5	-1.0672E-5	-7.46235E-6	-6.57705E-6	-5.94185E-6	-5.8232E-6	-5.2182E-6	-5.0227E-6
-0.34	-1.06285E-5	-1.2414E-5	-6.55995E-6	-7.21445E-6	-8.5134E-6	-7.1433E-6	-1.3368E-5	-9.37755E-6	-8.3502E-6	-7.46875E-6	-7.28165E-6	-6.53445E-6	-6.21195E-6
-0.36	-8.61255E-6	-7.37275E-6	-1.83215E-5	-1.9159E-5	-2.0918E-5	-1.8963E-5	-8.9482E-6	-1.18225E-5	-1.04905E-5	-9.3784E-6	-9.1335E-6	-8.12565E-6	-7.8266E-6
-0.38	-1.19423E-5	-1.9793E-5	-2.4014E-5	-2.4956E-5	-2.6871E-5	-2.4719E-5	-2.0949E-5	-7.4877E-6	-1.3235E-5	-1.18145E-5	-1.14515E-5	-1.0182E-5	-9.76275E-6
-0.4	-2.1089E-5	-2.57065E-5	-3.06355E-5	-3.16085E-5	-3.4228E-5	-3.1153E-5	-2.7141E-5	-1.81945E-5	-9.031E-6	-7.2973E-6	-7.12605E-6	-1.28015E-5	-1.2128E-5
-0.42	-2.70005E-5	-3.2562E-5	-3.85465E-5	-3.97585E-5	-4.2762E-5	-3.9292E-5	-3.4042E-5	-2.3394E-5	-2.00375E-5	-1.7815E-5	-1.7274E-5	-8.6394E-6	-7.55815E-6
-0.44	-3.4271E-5	-4.10195E-5	-4.82135E-5	-4.91805E-5	-5.2931E-5	-4.8936E-5	-4.2303E-5	-2.8951E-5	-2.5513E-5	-2.2883E-5	-2.20605E-5	-1.91945E-5	-1.81185E-5
-0.46	-4.3211E-5	-5.1115E-5	-5.9518E-5	-6.11505E-5	-6.5344E-5	-6.0359E-5	-5.2112E-5	-3.5773E-5	-3.17155E-5	-2.83305E-5	-2.73375E-5	-2.44695E-5	-2.29265E-5
-0.48	-5.37575E-5	-6.3649E-5	-7.36085E-5	-7.50555E-5	-7.9842E-5	-7.3952E-5	-6.4006E-5	-4.3765E-5	-3.88855E-5	-3.5084E-5	-3.34925E-5	-3.0161E-5	-2.8144E-5
-0.5	-6.73095E-5	-7.8829E-5	-9.01575E-5	-9.214E-5	-9.6815E-5	-8.9619E-5	-7.777E-5	-5.3379E-5	-4.7435E-5	-4.27915E-5	-4.08675E-5	-3.66325E-5	-3.42185E-5
-0.52	-8.3301E-5	-9.6976E-5	-1.1E-4	-1.11E-4	-1.17E-4	-1.08E-4	-9.3754E-5	-6.4394E-5	-5.73125E-5	-5.17E-5	-4.94745E-5	-4.44995E-5	-4.1067E-5
-0.54	-1.03E-4	-1.19E-4	-1.33E-4	-1.32E-4	-1.37E-4	-1.3E-4	-1.12E-4	-7.72715E-5	-6.8739E-5	-6.23155E-5	-5.94595E-5	-5.33775E-5	-4.968E-5
-0.56	-1.25E-4	-1.41E-4	-1.56E-4	-1.58E-4	-1.66E-4	-1.52E-4	-1.33E-4	-9.2373E-5	-8.22195E-5	-7.44885E-5	-7.1052E-5	-6.38485E-5	-5.91965E-5
-0.58	-1.52E-4	-1.73E-4	-1.9E-4	-1.89E-4	-1.96E-4	-1.83E-4	-1.54E-4	-1.09E-4	-9.7571E-5	-8.8547E-5	-8.3752E-5	-7.5901E-5	-7.0308E-5
-0.6	-1.87E-4	-2.08E-4	-2.26E-4	-2.24E-4	-2.31E-4	-2.15E-4	-1.85E-4	-1.29E-4	-1.15E-4	-1.04E-4	-9.89205E-5	-8.9612E-5	-8.26195E-5
-0.62	-2.27E-4	-2.48E-4	-2.67E-4	-2.63E-4	-2.7E-4	-2.51E-4	-2.15E-4	-1.48E-4	-1.32E-4	-1.23E-4	-1.16E-4	-1.05E-4	-9.67675E-5
-0.64	-2.72E-4	-2.94E-4	-3.13E-4	-3.07E-4	-3.14E-4	-2.91E-4	-2.5E-4	-1.75E-4	-1.56E-4	-1.41E-4	-1.32E-4	-1.23E-4	-1.12E-4
-0.66	-3.24E-4	-3.47E-4	-3.65E-4	-3.57E-4	-3.62E-4	-3.37E-4	-2.89E-4	-2.03E-4	-1.82E-4	-1.66E-4	-1.56E-4	-1.4E-4	-1.3E-4
-0.68	-3.84E-4	-4.06E-4	-4.22E-4	-4.11E-4	-4.16E-4	-3.87E-4	-3.32E-4	-2.33E-4	-2.09E-4	-1.92E-4	-1.8E-4	-1.63E-4	-1.48E-4
-0.7	-4.51E-4	-4.73E-4	-4.88E-4	-4.73E-4	-4.75E-4	-4.42E-4	-3.8E-4	-2.67E-4	-2.39E-4	-2.2E-4	-2.06E-4	-1.87E-4	-1.73E-4
-0.72	-5.32E-4	-5.47E-4	-5.62E-4	-5.4E-4	-5.4E-4	-5.02E-4	-4.33E-4	-3.06E-4	-2.73E-4	-2.51E-4	-2.34E-4	-2.14E-4	-1.96E-4
-0.74	-6.17E-4	-6.3E-4	-6.39E-4	-6.16E-4	-6.11E-4	-5.7E-4	-4.9E-4	-3.47E-4	-3.11E-4	-2.85E-4	-2.66E-4	-2.42E-4	-2.23E-4
-0.76	-7.14E-4	-7.22E-4	-7.28E-4	-6.96E-4	-6.89E-4	-6.42E-4	-5.52E-4	-3.92E-4	-3.5E-4	-3.22E-4	-3E-4	-2.74E-4	-2.51E-4
-0.78	-8.22E-4	-8.26E-4	-8.23E-4	-7.88E-4	-7.74E-4	-7.2E-4	-6.19E-4	-4.41E-4	-3.94E-4	-3.63E-4	-3.39E-4	-3.09E-4	-2.83E-4
-0.8	-9.43E-4	-9.38E-4	-9.29E-4	-8.84E-4	-8.67E-4	-8.06E-4	-6.95E-4	-4.96E-4	-4.43E-4	-4.07E-4	-3.8E-4	-3.46E-4	-3.16E-4
-0.82	-0.00107	-0.00106	-0.00104	-9.91E-4	-9.65E-4	-8.98E-4	-7.75E-4	-5.53E-4	-4.94E-4	-4.55E-4	-4.24E-4	-3.86E-4	-3.55E-4
-0.84	-0.00122	-0.00119	-0.00117	-0.00111	-0.00107	-9.99E-4	-8.61E-4	-6.17E-4	-5.51E-4	-5.05E-4	-4.71E-4	-4.31E-4	-3.95E-4
-0.86	-0.00135	-0.00132	-0.0013	-0.00123	-0.00119	-0.0011	-9.56E-4	-6.85E-4	-6.13E-4	-5.61E-4	-5.22E-4	-4.77E-4	-4.38E-4
-0.88	-0.00149	-0.00145	-0.00142	-0.00134	-0.00132	-0.00122	-0.00105	-7.58E-4	-6.78E-4	-6.22E-4	-5.78E-4	-5.28E-4	-4.83E-4
-0.9	-0.00167	-0.00161	-0.00157	-0.00147	-0.00144	-0.00133	-0.00116	-8.35E-4	-7.48E-4	-6.87E-4	-6.37E-4	-5.83E-4	-5.33E-4
-0.92	-0.00188	-0.00179	-0.00173	-0.00162	-0.00157	-0.00145	-0.00128	-9.2E-4	-8.24E-4	-7.56E-4	-7.02E-4	-6.43E-4	-5.88E-4
-0.94	-0.0021	-0.00199	-0.00191	-0.00178	-0.00172	-0.00158	-0.00139	-0.00101	-9.07E-4	-8.3E-4	-7.7E-4	-7.05E-4	-6.45E-4
-0.96	-0.00233	-0.00219	-0.0021	-0.00195	-0.00188	-0.00173	-0.00151	-0.00111	-9.93E-4	-9.11E-4	-8.43E-4	-7.71E-4	-7.05E-4
-0.98	-0.00258	-0.00242	-0.00231	-0.00214	-0.00206	-0.00189	-0.00165	-0.00121	-0.00108	-9.97E-4	-9.22E-4	-8.43E-4	-7.69E-4
-1	-0.00286	-0.00267	-0.00253	-0.00234	-0.00224	-0.00206	-0.0018	-0.00132	-0.00118	-0.00109	-0.00101	-9.19E-4	-8.4E-4
-0.98	-0.00258	-0.00242	-0.00231	-0.00215	-0.00206	-0.0019	-0.00166	-0.00121	-0.00109	-9.97E-4	-9.25E-4	-8.43E-4	-7.73E-4
-0.96	-0.00232	-0.00219	-0.00212	-0.00197	-0.00189	-0.00174	-0.00152	-0.00111	-9.98E-4	-9.15E-4	-8.47E-4	-7.73E-4	-7.09E-4
-0.94	-0.00208	-0.00198	-0.00192	-0.0018	-0.00173	-0.0016	-0.00139	-0.00101	-9.12E-4	-8.35E-4	-7.75E-4	-7.07E-4	-6.47E-4
-0.92	-0.00186	-0.00178	-0.00174	-0.00163	-0.00158	-0.00145	-0.00129	-9.21E-4	-8.34E-4	-7.62E-4	-7.07E-4	-6.46E-4	-5.88E-4
-0.9	-0.00166	-0.0016	-0.00158	-0.00148	-0.00144	-0.00133	-0.00116	-8.39E-4	-7.6E-4	-6.94E-4	-6.43E-4	-5.88E-4	-5.38E-4
-0.88	-0.00147	-0.00143	-0.00143	-0.00134	-0.00131	-0.00122	-0.00105	-7.63E-4	-6.9E-4	-6.3E-4	-5.86E-4	-5.34E-4	-4.88E-4
-0.86	-0.00131	-0.00128	-0.00128	-0.00122	-0.00119	-0.0011	-9.53E-4	-6.9E-4	-6.24E-4	-5.71E-4	-5.3E-4	-4.85E-4	-4.43E-4
-0.84	-0.00115	-0.00114	-0.00115	-0.00109	-0.00107	-9.92E-4	-8.62E-4	-6.24E-4	-5.64E-4	-5.15E-4	-4.79E-4	-4.38E-4	-4E-4
-0.82	-0.001	-0.001	-0.00103	-9.75E-4	-9.67E-4	-8.95E-4	-7.76E-4	-5.62E-4	-5.08E-4	-4.64E-4	-4.32E-4	-3.94E-4	-3.61E-4
-0.8	-8.78E-4	-8.85E-4	-9.13E-4	-8.73E-4	-8.65E-4	-8.03E-4	-6.97E-4	-5.04E-4	-4.56E-4	-4.17E-4	-3.89E-4	-3.53E-4	-3.24E-4
-0.78	-7.62E-4	-7.77E-4	-8.1E-4	-7.74E-4	-7.74E-4	-7.19E-4	-6.24E-4	-4.49E-4	-4.07E-4	-3.72E-4	-3.47E-4	-3.15E-4	-2.9E-4
-0.76	-6.58E-4	-6.79E-4	-7.15E-4	-6.86E-4	-6.9E-4	-6.4E-4	-5.56E-4	-4E-4	-3.63E-4	-3.31E-4	-3.1E-4	-2.81E-4	-2.58E-4
-0.74	-5.64E-4	-5.9E-4	-6.26E-4	-6.06E-4	-6.14E-4	-5.7E-4	-4.92E-4	-3.55E-4	-3.22E-4	-2.94E-4	-2.75E-4	-2.49E-4	-2.29E-4
-0.72	-4.82E-4	-5.09E-4	-5.49E-4	-5.34E-4	-5.43E-4	-5.04E-4	-4.35E-4	-3.13E-4	-2.83E-4	-2.59E-4	-2.43E-4	-2.2E-4	-2.02E-4
-0.7	-4.09E-4	-4.36E-4	-4.77E-4	-4.65E-4	-4.77E-4	-4.44E-4	-3.82E-4	-2.75E-4	-2.48E-4	-2.28E-4	-2.14E-4	-1.94E-4	-1.78E-4
-0.68	-3.45E-4	-3.73E-4	-4.12E-4	-4.04E-4	-4.16E-4	-3.89E-4	-3.35E-4	-2.41E-4	-2.17E-4	-1.99E-4	-1.87E-4	-1.69E-4	-1.56E-4
-0.66	-2.88E-4	-3.16E-4	-3.55E-4	-3.48E-4	-3.62E-4	-3.38E-4	-2.92E-4	-2.09E-4	-1.89E-4	-1.73E-4	-1.62E-4	-1.47E-4	-1.35E-4
-0.64	-2.39E-4	-2.66E-4	-3.03E-4	-2.99E-4	-3.13E-4	-2.93E-4	-2.52E-4	-1.81E-4	-1.63E-4	-1.5E-4	-1.41E-4	-1.28E-4	-1.24E-4
-0.62	-1.98E-4	-2.23E-4	-2.57E-4	-2.56E-4	-2.68E-4	-2.52E-4	-2.17E-4	-1.56E-4	-1.4E-4	-1.28E-4	-1.3E-4	-1.11E-4	-1.01E-4
-0.6	-1.62E-4	-1.86E-4	-2.17E-4	-2.16E-4	-2.29E-4	-2.15E-4	-1.86E-4	-1.33E-4	-1.28E-4	-1.1E-4	-1.04E-4	-9.3592E-5	-8.61645E-5
-0.58	-1.36E-4	-1.53E-4	-1.83E-4	-1.82E-4	-1.94E-4	-1.83E-4	-1.58E-4	-1.14E-4	-1.01E-4	-9.2393E-5	-8.81715E-5	-7.95245E-5	-7.331E-5
-0.56	-1.07E-4	-1.32E-4	-1.51E-4	-1.52E-4	-1.64E-4	-1.55E-4	-1.33E-4	-9.43035E-5	-8.53345E-5	-7.79885E-5	-7.4532E-5	-6.7218E-5	-6.1738E-5
-0.54	-8.46525E-5	-1.01E-4	-1.33E-4	-6.46406E-5	-1.38E-4	-1.29E-4	-1.14E-4	-7.86885E-5	-7.1552E-5	-6.53795E-5	-6.2479E-5	-5.6454E-5	-5.19755E-5
-0.52	-6.7734E-5	-8.1574E-5	-1.02E-4	-4.93635E-5	-1.19E-4	-1.07E-4	-9.2601E-5	-6.51815E-5	-5.92265E-5	-5.44285E-5	-5.19035E-5	-4.6943E-5	-4.35015E-5
-0.5	-5.3845E-5	-6.52335E-5	-8.26745E-5	-4.03463E-5	-9.365E-5	-8.8358E-5	-7.6697E-5	-5.4038E-5	-4.89215E-5	-4.48555E-5	-4.29255E-5	-3.87055E-5	-3.59685E-5
-0.48	-4.26645E-5	-5.23225E-5	-6.64995E-5	-3.25689E-5	-7.6954E-5	-7.2588E-5	-6.2858E-5	-4.4227E-5	-4.0156E-5	-3.6695E-5	-3.53E-5	-3.1775E-5	-2.95755E-5
-0.46	-3.3531E-5	-4.148E-5	-5.353E-5	-2.64043E-5	-6.261E-5	-5.8952E-5	-5.1097E-5	-3.5904E-5	-3.2605E-5	-2.9864E-5	-2.87675E-5	-2.59015E-5	-2.4156E-5
-0.44	-2.6252E-5	-3.24605E-5	-4.2451E-5	-2.06251E-5	-5.0294E-5	-4.7647E-5	-4.1239E-5	-2.891E-5	-2.6349E-5	-2.41265E-5	-2.32315E-5	-2.0937E-5	-1.94425E-5
-0.42	-2.0551E-5	-2.54015E-5	-3.3655E-5	-1.62865E-5	-4.0328E-5	-3.7823E-5	-3.3304E-5	-2.3438E-5	-2.10465E-5	-1.926E-5	-1.85605E-5	-1.67675E-5	-1.57065E-5
-0.4	-1.59985E-5	-1.9618E-5	-2.59245E-5	-1.27981E-5	-3.1907E-5	-3.0071E-5	-2.6318E-5	-1.85645E-5	-1.6644E-5	-1.52125E-5	-1.47655E-5	-1.32685E-5	-1.147E-5
-0.38	-9.71495E-6	-1.5253E-5	-2.02265E-5	-9.9766E-6	-2.5189E-5	-2.3681E-5	-2.0705E-5	-1.4479E-5	-1.3051E-5	-9.7449E-6	-9.6305E-6	-8.9161E-6	-9.0113E-6
-0.36	-8.73945E-6	-9.3914E-6	-1.5728E-5	-7.64115E-6	-1.9519E-5	-1.8432E-5	-1.6117E-5	-9.2959E-6	-8.5685E-6	-8.8603E-6	-8.68245E-6	-7.86325E-6	-7.4173E-6
-0.34	-6.8491E-6	-8.45955E-6	-9.5408E-6	-4.61657E-6	-1.5219E-5	-1.413E-5	-9.9317E-6	-8.2424E-6	-7.42585E-6	-6.89975E-6	-6.76E-6	-6.1114E-6	-5.7907E-6
-0.32	-5.24715E-6	-6.40325E-6	-8.4476E-6	-4.09251E-6	-9.2892E-6	-8.8648E-6	-8.9684E-6	-6.39275E-6	-5.7087E-6	-5.25955E-6	-5.1362E-6	-4.66395E-6	-4.44865E-6
-0.3	-4.13355E-6	-4.86475E-6	-6.3617E-6	-3.0685E-6	-8.1005E-6	-7.6729E-6	-6.7996E-6	-4.86935E-6	-4.2992E-6	-3.9755E-6	-3.87745E-6	-3.5364E-6	-3.333E-6
-0.28	-3.1689E-6	-3.57985E-6	-4.7229E-6	-2.2067E-6	-6.0868E-6	-5.7715E-6	-5.0255E-6	-3.6377E-6	-3.2042E-6	-2.97455E-6	-2.94425E-6	-2.6418E-6	-2.49225E-6
-0.26	-2.4834E-6	-2.7145E-6	-3.426E-6	-1.60868E-6	-4.5011E-6	-4.2548E-6	-3.6879E-6	-2.65355E-6	-2.3308E-6	-2.1936E-6	-2.16135E-6	-1.94615E-6	-1.8556E-6
-0.24	-2.10285E-6	-1.9317E-6	-2.4137E-6	-1.07347E-6	-3.2948E-6	-3.0824E-6	-2.6213E-6	-1.9323E-6	-1.6537E-6	-1.5506E-6	-1.53935E-6	-1.4169E-6	-1.3081E-6
-0.22	-1.54885E-6	-1.3636E-6	-1.6803E-6	-7.15575E-7	-2.3528E-6	-2.1729E-6	-1.8503E-6	-1.3625E-6	-1.14785E-6	-1.06455E-6	-1.08975E-6	-9.97345E-7	-9.3931E-7
-0.2	-9.3058E-7	-8.92915E-7	-1.0822E-6	-4.21E-7	-1.6283E-6	-1.5036E-6	-1.2247E-6	-9.0842E-7	-7.5264E-7	-7.2911E-7	-7.2687E-7	-6.5443E-7	-6.3606E-7
-0.18	-6.0176E-7	-5.41855E-7	-6.51985E-7	-7.4025E-7	-1.0412E-6	-9.9373E-7	-7.5619E-7	-5.6608E-7	-4.52955E-7	-4.2863E-7	-4.2786E-7	-4.1058E-7	-3.71815E-7
-0.16	-3.30585E-7	-2.27035E-7	-3.42215E-7	-4.376E-7	-6.5206E-7	-5.6006E-7	-4.1722E-7	-3.1182E-7	-2.2174E-7	-2.2013E-7	-2.2839E-7	-2.03595E-7	-2.03965E-7
-0.14	-4.65055E-8	1.27355E-8	-9.1161E-8	-1.6654E-7	-3.1723E-7	-2.8307E-7	-1.3416E-7	-1.08054E-7	-2.71957E-8	-1.9425E-8	-4.0113E-8	-2.53022E-8	-4.32915E-8
-0.12	1.40882E-7	1.98905E-7	1.41105E-7	4.0188E-8	-7.1166E-8	-2.4391E-8	4.3606E-8	5.45465E-8	9.4948E-8	9.1578E-8	8.3876E-8	8.48675E-8	1.21335E-7
-0.1	3.216E-7	3.61385E-7	2.7627E-7	2.5665E-7	1.4505E-7	1.6604E-7	1.7459E-7	1.9597E-7	2.3986E-7	2.16315E-7	2.13885E-7	2.0768E-7	2.0369E-7
-0.08	4.9022E-7	4.9537E-7	4.1356E-7	3.6382E-7	2.8601E-7	3.0727E-7	3.1227E-7	3.0953E-7	3.10465E-7	3.0751E-7	3.06145E-7	2.96815E-7	2.70085E-7
-0.06	7.02385E-7	5.8571E-7	5.35085E-7	4.5911E-7	4.3312E-7	3.8187E-7	4.022E-7	3.8145E-7	3.8477E-7	3.8223E-7	3.62575E-7	3.51265E-7	3.3842E-7
-0.04	8.0925E-7	7.14E-7	6.2903E-7	5.9203E-7	5.3371E-7	4.6574E-7	5.2149E-7	4.47725E-7	4.6511E-7	4.31415E-7	4.40965E-7	4.0621E-7	4.13365E-7
-0.02	9.5695E-7	7.8928E-7	7.29955E-7	6.2767E-7	5.8539E-7	5.4049E-7	5.53E-7	5.38345E-7	5.44625E-7	4.8647E-7	4.9613E-7	4.80105E-7	4.8531E-7
0	1.0687E-6	8.601E-7	7.88395E-7	6.9895E-7	6.9405E-7	6.0683E-7	6.1473E-7	6.0321E-7	5.69015E-7	5.54685E-7	5.2924E-7	5.11815E-7	5.03925E-7