0	2.4E-7	3.33333E-8	-8.33333E-9	-1E-7	-1.41667E-7	-9.16667E-8	-4.16667E-8
0.02	2.37667E-5	2.93833E-5	2.87167E-5	2.301E-5	2.34333E-5	3.01667E-5	2.47333E-5
0.04	4.80933E-5	5.88333E-5	5.75917E-5	4.574E-5	4.70167E-5	6.11333E-5	5.085E-5
0.06	7.41867E-5	9.00167E-5	9.07917E-5	7.171E-5	7.26873E-5	9.29543E-5	7.8825E-5
0.08	1.00333E-4	1.243E-4	1.23313E-4	9.6935E-5	9.9421E-5	1.27533E-4	1.07108E-4
0.1	1.3186E-4	1.619E-4	1.53833E-4	1.27895E-4	1.28721E-4	1.64787E-4	1.38358E-4
0.12	1.63453E-4	1.98933E-4	1.98671E-4	1.5784E-4	1.59017E-4	2.02546E-4	1.72725E-4
0.14	2.01493E-4	2.336E-4	2.39267E-4	1.9341E-4	1.95104E-4	2.42071E-4	2.1215E-4
0.16	2.39553E-4	2.834E-4	2.87787E-4	2.302E-4	2.30408E-4	2.93921E-4	2.51742E-4
0.18	2.83587E-4	3.25033E-4	3.38977E-4	2.7241E-4	2.69171E-4	3.44447E-4	2.94658E-4
0.2	3.27347E-4	3.73667E-4	3.9478E-4	3.08305E-4	3.16225E-4	3.92083E-4	3.43083E-4
0.22	3.729E-4	4.315E-4	4.495E-4	3.5889E-4	3.585E-4	4.50917E-4	3.88917E-4
0.24	4.168E-4	4.93E-4	5.10623E-4	4.062E-4	4.0671E-4	5.1704E-4	4.44667E-4
0.26	4.75467E-4	5.65333E-4	5.73333E-4	4.5985E-4	4.6046E-4	5.78627E-4	5.03667E-4
0.28	5.28467E-4	6.14833E-4	6.2654E-4	5.11E-4	5.02377E-4	6.52333E-4	5.62E-4
0.3	5.806E-4	6.95E-4	7.07333E-4	5.7495E-4	5.59293E-4	7.14873E-4	6.24917E-4
0.32	6.54E-4	7.66667E-4	7.69333E-4	6.3825E-4	6.26293E-4	7.87E-4	6.9375E-4
0.34	7.238E-4	8.65833E-4	8.48E-4	6.997E-4	6.91123E-4	8.93167E-4	7.61667E-4
0.36	7.87133E-4	9.48333E-4	9.30917E-4	7.7375E-4	7.505E-4	9.93123E-4	8.35917E-4
0.38	8.66E-4	0.00105	0.00102	8.5865E-4	8.18E-4	0.00106	9.09833E-4
0.4	9.48067E-4	0.00115	0.0011	9.435E-4	8.94833E-4	0.00115	9.91333E-4
0.42	0.00102	0.00126	0.0012	0.00103	9.74957E-4	0.00126	0.00108
0.44	0.00111	0.00137	0.00131	0.00112	0.00106	0.00137	0.00117
0.46	0.0012	0.00152	0.00142	0.00123	0.00115	0.00148	0.00125
0.48	0.00131	0.00166	0.00153	0.00132	0.00123	0.00157	0.00135
0.5	0.0014	0.0018	0.00167	0.00141	0.00135	0.0017	0.00147
0.52	0.00151	0.002	0.0018	0.00151	0.00146	0.00184	0.00157
0.54	0.00162	0.00201	0.00195	0.00164	0.00159	0.00194	0.00169
0.56	0.00175	0.00213	0.00209	0.00175	0.00168	0.00207	0.00182
0.58	0.00186	0.00222	0.00225	0.00188	0.00181	0.00224	0.00198
0.6	0.002	0.00237	0.00239	0.00203	0.00193	0.00244	0.00213
0.62	0.00216	0.00255	0.00256	0.00218	0.00207	0.00258	0.00226
0.64	0.0023	0.00277	0.00273	0.00233	0.00219	0.00275	0.00241
0.66	0.00247	0.00295	0.00294	0.00247	0.00236	0.00301	0.00258
0.68	0.00264	0.00308	0.00326	0.00266	0.00255	0.00321	0.00276
0.7	0.00285	0.00331	0.00349	0.00283	0.00273	0.00341	0.00294
0.72	0.00312	0.00358	0.00377	0.00302	0.00294	0.00364	0.00312
0.74	0.00334	0.00385	0.00389	0.00325	0.00312	0.00392	0.00336
0.76	0.00357	0.00418	0.00412	0.00347	0.00336	0.00411	0.00361
0.78	0.00382	0.00429	0.00468	0.00371	0.00361	0.00436	0.00382
0.8	0.0041	0.00461	0.00509	0.00395	0.00387	0.00469	0.00406
0.82	0.00442	0.00479	0.00522	0.00426	0.00415	0.00502	0.00432
0.84	0.00483	0.00494	0.00553	0.00458	0.00439	0.00529	0.00465
0.86	0.00513	0.00576	0.00582	0.00486	0.00469	0.00561	0.00498
0.88	0.00538	0.00578	0.00628	0.00525	0.00496	0.00595	0.00532
0.9	0.00575	0.00631	0.00678	0.00558	0.0053	0.00632	0.00567
0.92	0.00618	0.00676	0.00745	0.00599	0.00565	0.00671	0.00602
0.94	0.00672	0.0072	0.00778	0.00646	0.00605	0.0072	0.00645
0.96	0.00719	0.00779	0.00849	0.0069	0.00665	0.0077	0.00691
0.98	0.00761	0.00861	0.00874	0.00744	0.00704	0.0082	0.00741
1	0.00823	0.0087	0.00906	0.00794	0.00754	0.00889	0.00799
0.98	0.00768	0.00811	0.00803	0.00745	0.00719	0.00835	0.00747
0.96	0.00719	0.00735	0.00756	0.00689	0.00661	0.00782	0.00698
0.94	0.00678	0.00679	0.00706	0.00647	0.00621	0.0074	0.00654
0.92	0.00612	0.00638	0.00657	0.00603	0.00585	0.00697	0.0061
0.9	0.00576	0.0059	0.00608	0.00563	0.00546	0.00662	0.00575
0.88	0.00539	0.00547	0.00567	0.00524	0.00517	0.00612	0.00542
0.86	0.00508	0.00523	0.00529	0.00486	0.00479	0.00571	0.00506
0.84	0.00478	0.00489	0.00502	0.00458	0.00451	0.00535	0.00475
0.82	0.00442	0.0046	0.00457	0.0043	0.00425	0.00509	0.00445
0.8	0.00414	0.00428	0.00432	0.00399	0.00396	0.00479	0.00417
0.78	0.00388	0.00399	0.00402	0.00373	0.00369	0.00451	0.00393
0.76	0.00363	0.00373	0.00387	0.00348	0.00343	0.00424	0.00368
0.74	0.0034	0.00348	0.00361	0.00328	0.00327	0.00392	0.00347
0.72	0.00317	0.0032	0.00338	0.00308	0.00303	0.00375	0.00324
0.7	0.00299	0.00301	0.00322	0.00288	0.00283	0.00345	0.00303
0.68	0.00279	0.00286	0.003	0.0027	0.00265	0.00326	0.00283
0.66	0.0026	0.00266	0.00281	0.00252	0.00248	0.00305	0.00268
0.64	0.00243	0.0025	0.0026	0.00235	0.00228	0.00283	0.00253
0.62	0.00227	0.00231	0.00242	0.00219	0.00211	0.00266	0.00236
0.6	0.00212	0.00217	0.00227	0.00204	0.00197	0.00247	0.0022
0.58	0.002	0.00199	0.00213	0.00191	0.00184	0.00234	0.00204
0.56	0.00188	0.00186	0.00198	0.00177	0.00173	0.00216	0.00189
0.54	0.00172	0.00174	0.00185	0.00165	0.00161	0.00203	0.00176
0.52	0.00159	0.00164	0.0017	0.00153	0.00149	0.00185	0.00163
0.5	0.00147	0.00152	0.00158	0.00143	0.00136	0.00172	0.00152
0.48	0.00138	0.0014	0.00149	0.00131	0.00128	0.00159	0.00143
0.46	0.00129	0.00128	0.00137	0.00122	0.00118	0.00148	0.00132
0.44	0.00117	0.00118	0.00126	0.00114	0.00108	0.00135	0.00123
0.42	0.00109	0.0011	0.00115	0.00105	0.001	0.00123	0.00113
0.4	9.90933E-4	0.00102	0.00106	9.6455E-4	9.2154E-4	0.00117	0.00104
0.38	9.16267E-4	9.615E-4	9.9254E-4	8.9055E-4	8.51E-4	0.00107	9.56333E-4
0.36	8.342E-4	8.835E-4	9.09627E-4	8.0005E-4	7.78583E-4	9.77583E-4	8.64417E-4
0.34	7.57E-4	7.89833E-4	8.12E-4	7.2705E-4	7.1421E-4	8.8046E-4	7.91333E-4
0.32	6.86333E-4	7.16E-4	7.33417E-4	6.673E-4	6.50627E-4	8.05707E-4	7.14083E-4
0.3	6.19533E-4	6.48667E-4	6.7275E-4	6.0185E-4	5.87583E-4	7.22627E-4	6.5575E-4
0.28	5.57267E-4	5.73167E-4	6.13583E-4	5.382E-4	5.2196E-4	6.6175E-4	5.88583E-4
0.26	4.95067E-4	5.315E-4	5.60417E-4	4.7715E-4	4.69833E-4	5.88877E-4	5.2425E-4
0.24	4.38867E-4	4.62167E-4	5.05793E-4	4.187E-4	4.19167E-4	5.24877E-4	4.685E-4
0.22	3.8514E-4	4.23833E-4	4.4446E-4	3.59683E-4	3.66293E-4	4.5129E-4	4.22583E-4
0.2	3.3388E-4	3.755E-4	3.90897E-4	3.16545E-4	3.21867E-4	4.0525E-4	3.69333E-4
0.18	2.91367E-4	3.22833E-4	3.44317E-4	2.7457E-4	2.78896E-4	3.49333E-4	3.20567E-4
0.16	2.50787E-4	2.78983E-4	2.92004E-4	2.3328E-4	2.37579E-4	2.92738E-4	2.687E-4
0.14	2.10253E-4	2.3555E-4	2.53904E-4	1.9464E-4	1.99679E-4	2.43017E-4	2.24483E-4
0.12	1.7366E-4	1.93567E-4	2.10267E-4	1.60715E-4	1.67142E-4	2.02908E-4	1.84875E-4
0.1	1.38107E-4	1.54617E-4	1.73533E-4	1.3052E-4	1.33946E-4	1.64587E-4	1.46567E-4
0.08	1.07147E-4	1.21783E-4	1.31579E-4	1.00265E-4	1.02758E-4	1.316E-4	1.1305E-4
0.06	7.74467E-5	8.815E-5	9.59123E-5	7.2055E-5	7.48833E-5	9.58293E-5	8.1575E-5
0.04	5.016E-5	5.98333E-5	6.37627E-5	4.7285E-5	4.915E-5	6.03E-5	5.28917E-5
0.02	2.45467E-5	2.91E-5	3.05417E-5	2.3165E-5	2.40542E-5	3.03792E-5	2.5525E-5
0	-1.33333E-8	-1E-7	-1.08333E-7	-1.35E-7	-1.375E-7	-1.45833E-7	-1.75E-7
-0.02	-2.45933E-5	-2.62833E-5	-3.06417E-5	-2.325E-5	-2.66625E-5	-3.01958E-5	-2.44583E-5
-0.04	-4.93133E-5	-5.39333E-5	-6.21293E-5	-4.6865E-5	-5.33333E-5	-6.0625E-5	-4.93833E-5
-0.06	-7.58067E-5	-7.85E-5	-9.05873E-5	-7.15E-5	-8.1875E-5	-9.28293E-5	-7.51083E-5
-0.08	-1.02927E-4	-1.094E-4	-1.23025E-4	-9.796E-5	-1.13621E-4	-1.28813E-4	-1.03692E-4
-0.1	-1.32967E-4	-1.40917E-4	-1.61354E-4	-1.2484E-4	-1.42342E-4	-1.65387E-4	-1.35783E-4
-0.12	-1.64667E-4	-1.79817E-4	-2.04442E-4	-1.5553E-4	-1.72925E-4	-1.97808E-4	-1.67842E-4
-0.14	-1.96813E-4	-2.17867E-4	-2.40842E-4	-1.87845E-4	-2.05629E-4	-2.36E-4	-2.04525E-4
-0.16	-2.31093E-4	-2.55983E-4	-2.7145E-4	-2.2006E-4	-2.53933E-4	-2.88517E-4	-2.39192E-4
-0.18	-2.7156E-4	-3.033E-4	-3.173E-4	-2.58395E-4	-2.93254E-4	-3.35783E-4	-2.80617E-4
-0.2	-3.0494E-4	-3.30167E-4	-3.5407E-4	-2.93385E-4	-3.36737E-4	-3.95417E-4	-3.24883E-4
-0.22	-3.48433E-4	-3.84833E-4	-4.1421E-4	-3.32595E-4	-3.6371E-4	-4.57377E-4	-3.70167E-4
-0.24	-3.89633E-4	-4.44833E-4	-4.54E-4	-3.74857E-4	-4.0154E-4	-5.1004E-4	-4.24917E-4
-0.26	-4.35533E-4	-4.84833E-4	-5.18207E-4	-4.2035E-4	-4.46917E-4	-5.5204E-4	-4.76167E-4
-0.28	-4.84667E-4	-5.40167E-4	-5.8279E-4	-4.6515E-4	-5.00583E-4	-6.13377E-4	-5.31333E-4
-0.3	-5.33333E-4	-5.93333E-4	-6.4596E-4	-5.133E-4	-5.5E-4	-6.755E-4	-5.84333E-4
-0.32	-5.85667E-4	-6.53333E-4	-7.13917E-4	-5.751E-4	-6.05667E-4	-7.42583E-4	-6.37583E-4
-0.34	-6.45E-4	-7.00167E-4	-7.72793E-4	-6.245E-4	-6.51877E-4	-7.9371E-4	-6.86583E-4
-0.36	-6.89933E-4	-7.79167E-4	-8.145E-4	-6.8905E-4	-7.11627E-4	-8.8879E-4	-7.54167E-4
-0.38	-7.726E-4	-8.40833E-4	-8.75457E-4	-7.398E-4	-7.64543E-4	-9.4829E-4	-8.15167E-4
-0.4	-8.202E-4	-9.025E-4	-9.39417E-4	-7.9775E-4	-8.32293E-4	-0.00101	-8.89333E-4
-0.42	-8.82667E-4	-9.74833E-4	-0.00104	-8.6565E-4	-8.99833E-4	-0.0011	-9.60083E-4
-0.44	-9.528E-4	-0.00106	-0.00109	-9.334E-4	-9.5771E-4	-0.00118	-0.00103
-0.46	-0.00102	-0.00115	-0.00118	-0.001	-0.00104	-0.00127	-0.00111
-0.48	-0.0011	-0.0012	-0.00127	-0.00106	-0.0011	-0.00138	-0.00118
-0.5	-0.00119	-0.00132	-0.00131	-0.00114	-0.00117	-0.00144	-0.00125
-0.52	-0.00126	-0.00139	-0.00142	-0.00122	-0.00124	-0.00154	-0.00135
-0.54	-0.00134	-0.00146	-0.00154	-0.0013	-0.00132	-0.00164	-0.00143
-0.56	-0.00144	-0.00156	-0.0016	-0.00136	-0.00143	-0.00176	-0.00153
-0.58	-0.00151	-0.00167	-0.00171	-0.00145	-0.0015	-0.00188	-0.00162
-0.6	-0.00159	-0.00177	-0.00182	-0.00154	-0.00158	-0.00199	-0.00171
-0.62	-0.0017	-0.00183	-0.00198	-0.00163	-0.00168	-0.0021	-0.00184
-0.64	-0.00179	-0.00194	-0.0021	-0.00173	-0.00178	-0.00223	-0.00196
-0.66	-0.0019	-0.00205	-0.00218	-0.00183	-0.00187	-0.00233	-0.00206
-0.68	-0.00203	-0.00217	-0.00232	-0.00194	-0.00199	-0.00247	-0.00222
-0.7	-0.00213	-0.00225	-0.00244	-0.00204	-0.00211	-0.00262	-0.00234
-0.72	-0.00223	-0.0024	-0.00259	-0.00216	-0.00222	-0.00278	-0.00249
-0.74	-0.00233	-0.00252	-0.00269	-0.00226	-0.00237	-0.00291	-0.00262
-0.76	-0.00251	-0.00272	-0.00282	-0.00239	-0.00246	-0.00308	-0.00276
-0.78	-0.00265	-0.00286	-0.003	-0.00252	-0.00262	-0.00325	-0.00287
-0.8	-0.00279	-0.00299	-0.00313	-0.00268	-0.00275	-0.00342	-0.00305
-0.82	-0.00292	-0.00319	-0.00327	-0.00281	-0.00288	-0.0036	-0.00317
-0.84	-0.00313	-0.00329	-0.00342	-0.00299	-0.00305	-0.0038	-0.00335
-0.86	-0.00331	-0.00349	-0.00362	-0.00313	-0.00322	-0.00397	-0.00351
-0.88	-0.00346	-0.00368	-0.00379	-0.00328	-0.00336	-0.00408	-0.00371
-0.9	-0.00365	-0.00389	-0.00399	-0.00345	-0.00358	-0.00435	-0.00392
-0.92	-0.00385	-0.004	-0.00419	-0.00364	-0.00376	-0.00455	-0.00415
-0.94	-0.00406	-0.00428	-0.00446	-0.00385	-0.00393	-0.00481	-0.00427
-0.96	-0.0043	-0.00449	-0.00464	-0.00409	-0.00412	-0.00502	-0.00451
-0.98	-0.00452	-0.00477	-0.0049	-0.00434	-0.00438	-0.00531	-0.00474
-1	-0.00488	-0.00501	-0.00528	-0.00457	-0.00453	-0.00557	-0.00491
-0.98	-0.00463	-0.00479	-0.00504	-0.00436	-0.00431	-0.00532	-0.00468
-0.96	-0.00438	-0.00453	-0.00477	-0.00411	-0.0041	-0.00504	-0.00448
-0.94	-0.00417	-0.0043	-0.00451	-0.00391	-0.00392	-0.00483	-0.00427
-0.92	-0.00395	-0.00407	-0.00426	-0.0037	-0.00371	-0.00458	-0.00405
-0.9	-0.00375	-0.00389	-0.00403	-0.00352	-0.00351	-0.00439	-0.00384
-0.88	-0.00356	-0.00368	-0.00381	-0.00334	-0.00334	-0.0042	-0.00366
-0.86	-0.00337	-0.00348	-0.00362	-0.00317	-0.00318	-0.00403	-0.00353
-0.84	-0.00321	-0.0033	-0.00337	-0.00302	-0.00303	-0.0038	-0.00333
-0.82	-0.00305	-0.00313	-0.00321	-0.00287	-0.00286	-0.00362	-0.00318
-0.8	-0.00293	-0.00301	-0.00303	-0.00273	-0.00273	-0.00344	-0.00301
-0.78	-0.00273	-0.00287	-0.0029	-0.0026	-0.00261	-0.00328	-0.00286
-0.76	-0.00262	-0.00271	-0.00271	-0.00245	-0.00245	-0.0031	-0.00272
-0.74	-0.00245	-0.0026	-0.00266	-0.00233	-0.00232	-0.00297	-0.00257
-0.72	-0.00232	-0.00253	-0.00254	-0.00224	-0.00221	-0.00281	-0.00245
-0.7	-0.00221	-0.00235	-0.00238	-0.00213	-0.0021	-0.00266	-0.00231
-0.68	-0.0021	-0.00219	-0.00227	-0.00201	-0.002	-0.00251	-0.00218
-0.66	-0.00201	-0.00209	-0.00213	-0.00191	-0.00188	-0.00239	-0.00208
-0.64	-0.00189	-0.00191	-0.002	-0.00181	-0.00179	-0.00228	-0.00196
-0.62	-0.00179	-0.00185	-0.00189	-0.00168	-0.00169	-0.00214	-0.00185
-0.6	-0.0017	-0.00179	-0.0018	-0.00158	-0.00158	-0.002	-0.00174
-0.58	-0.00158	-0.00173	-0.0017	-0.0015	-0.00149	-0.00191	-0.00165
-0.56	-0.0015	-0.00164	-0.0016	-0.00141	-0.0014	-0.0018	-0.00155
-0.54	-0.0014	-0.00156	-0.00149	-0.00132	-0.00132	-0.00169	-0.00145
-0.52	-0.00131	-0.00144	-0.0014	-0.00124	-0.00125	-0.00159	-0.00136
-0.5	-0.00123	-0.00134	-0.0013	-0.00117	-0.00117	-0.00148	-0.00128
-0.48	-0.00114	-0.00125	-0.00122	-0.0011	-0.0011	-0.00137	-0.0012
-0.46	-0.00108	-0.00116	-0.00114	-0.00103	-0.00103	-0.00129	-0.00112
-0.44	-0.00102	-0.00112	-0.00106	-9.6085E-4	-9.55627E-4	-0.00122	-0.00105
-0.42	-9.20667E-4	-0.00104	-9.88793E-4	-8.946E-4	-9.0075E-4	-0.00114	-9.80167E-4
-0.4	-8.51933E-4	-9.63333E-4	-9.1825E-4	-8.2205E-4	-8.25583E-4	-0.00105	-9.01417E-4
-0.38	-7.822E-4	-8.82333E-4	-8.62583E-4	-7.6455E-4	-7.74917E-4	-9.50333E-4	-8.28E-4
-0.36	-7.18667E-4	-8.18667E-4	-7.875E-4	-7.091E-4	-7.11457E-4	-8.75457E-4	-7.6275E-4
-0.34	-6.55933E-4	-7.605E-4	-7.23793E-4	-6.4805E-4	-6.56377E-4	-8.08293E-4	-7.015E-4
-0.32	-6.048E-4	-6.925E-4	-6.65083E-4	-5.91E-4	-6.01877E-4	-7.3796E-4	-6.445E-4
-0.3	-5.51533E-4	-6.195E-4	-5.99833E-4	-5.331E-4	-5.42417E-4	-6.71833E-4	-5.81083E-4
-0.28	-5.01333E-4	-5.66833E-4	-5.32207E-4	-4.8215E-4	-4.89083E-4	-6.0821E-4	-5.20667E-4
-0.26	-4.52333E-4	-5.225E-4	-4.94793E-4	-4.361E-4	-4.40793E-4	-5.43627E-4	-4.7225E-4
-0.24	-4.00507E-4	-4.805E-4	-4.3775E-4	-3.89623E-4	-3.9604E-4	-4.82E-4	-4.26917E-4
-0.22	-3.60693E-4	-4.25833E-4	-3.86557E-4	-3.4937E-4	-3.5946E-4	-4.29083E-4	-3.7525E-4
-0.2	-3.18493E-4	-3.65667E-4	-3.36337E-4	-3.0602E-4	-3.12054E-4	-3.79917E-4	-3.31333E-4
-0.18	-2.7554E-4	-3.075E-4	-2.97958E-4	-2.6826E-4	-2.68521E-4	-3.31067E-4	-2.88675E-4
-0.16	-2.35053E-4	-2.75067E-4	-2.51113E-4	-2.33035E-4	-2.31004E-4	-2.79646E-4	-2.48925E-4
-0.14	-1.962E-4	-2.27767E-4	-2.17112E-4	-1.9684E-4	-1.95812E-4	-2.33796E-4	-2.07808E-4
-0.12	-1.59427E-4	-1.915E-4	-1.82725E-4	-1.62105E-4	-1.60713E-4	-1.95421E-4	-1.71942E-4
-0.1	-1.33247E-4	-1.50017E-4	-1.52075E-4	-1.31105E-4	-1.30492E-4	-1.61012E-4	-1.381E-4
-0.08	-1.05587E-4	-1.2305E-4	-1.15342E-4	-1.02125E-4	-1.032E-4	-1.23179E-4	-1.07508E-4
-0.06	-7.57933E-5	-8.66E-5	-8.38543E-5	-7.4015E-5	-7.32417E-5	-8.78583E-5	-7.71333E-5
-0.04	-4.98933E-5	-5.8E-5	-5.3921E-5	-4.831E-5	-4.76793E-5	-5.73583E-5	-5.03667E-5
-0.02	-2.47133E-5	-2.78167E-5	-2.66375E-5	-2.3605E-5	-2.35958E-5	-2.86875E-5	-2.49833E-5
0	-9.33333E-8	1.83333E-7	-9.58333E-8	0	-5.41667E-8	-1.66667E-8	-3.33333E-8
