par	 gL	        gR         deltaE         eta        sigma     gC    

300     7.76e-02       7.76e-02    0.653          0.458      0.14     6.02e-03 
290     8.54e-02       8.54e-02    0.663          0.455      0.14     7.29e-03 
280     8.20e-02       8.20e-02    0.649          0.455      0.14     6.72e-03  
270     7.78e-02       7.78e-02    0.665          0.455      0.14     6.05e-03  
260     7.64e-02       7.64e-02    0.672          0.459      0.16     5.84e-03 
250     8.14e-02       8.14e-02    0.6588         0.460      0.16     6.63e-03 
240    7.86e-02       7.86e-02    0.670            0.461      0.16     6.18e-03  




