par	 gL	        gR         deltaE         eta        sigma     gC            gW

300    7.86e-02       7.86e-02    0.663          0.455      0.14     6.17796e-03     0.1572
290    7.86e-02       7.86e-02    0.663          0.455      0.14     6.17796e-03     0.1572
280    7.86e-02       7.86e-02    0.663          0.455      0.14     6.17796e-03     0.1572
270    7.86e-02       7.86e-02    0.663          0.455      0.14     6.17796e-03     0.1572
260    7.86e-02       7.86e-02    0.663          0.455      0.14     6.17796e-03     0.1572
250    7.86e-02       7.86e-02    0.663          0.455      0.14     6.17796e-03     0.1572
240    7.86e-02       7.86e-02    0.663          0.455      0.14     6.17796e-03     0.1572




