voltage		Abs J		  J    		Voltage		Current
0.0000E+0	1.6540E-4	1.6540E-4	3.9782E-5	1.2990E-10
2.0000E-2	3.4016E-4	3.4016E-4	2.0059E-2	2.6716E-10
4.0000E-2	5.7096E-4	5.7096E-4	4.0010E-2	4.4843E-10
6.0000E-2	9.2656E-4	9.2656E-4	6.0023E-2	7.2772E-10
8.0000E-2	1.1613E-3	1.1613E-3	8.0013E-2	9.1210E-10
1.0000E-1	1.3207E-3	1.3207E-3	8.4569E-2	1.0373E-9
1.2000E-1	1.3331E-3	1.3331E-3	7.9157E-2	1.0470E-9
1.4000E-1	1.3347E-3	1.3347E-3	8.3359E-2	1.0483E-9
1.6000E-1	4.6194E-4	4.6194E-4	1.6004E-1	3.6280E-10
1.8000E-1	4.9269E-4	4.9269E-4	1.8004E-1	3.8696E-10
2.0000E-1	7.6760E-4	7.6760E-4	2.0004E-1	6.0287E-10
2.2000E-1	7.2525E-4	7.2525E-4	2.2003E-1	5.6961E-10
2.4000E-1	8.7718E-4	8.7718E-4	2.4001E-1	6.8894E-10
2.6000E-1	9.9891E-4	9.9891E-4	2.6003E-1	7.8454E-10
2.8000E-1	1.0292E-3	1.0292E-3	2.8004E-1	8.0833E-10
3.0000E-1	1.0929E-3	1.0929E-3	3.0001E-1	8.5838E-10
3.2000E-1	1.2862E-3	1.2862E-3	3.0739E-1	1.0101E-9
3.4000E-1	1.3111E-3	1.3111E-3	3.1865E-1	1.0297E-9
3.6000E-1	1.0539E-3	1.0539E-3	3.6004E-1	8.2773E-10
3.8000E-1	1.2945E-3	1.2945E-3	3.8005E-1	1.0167E-9
4.0000E-1	1.6060E-3	1.6060E-3	4.0005E-1	1.2613E-9
4.2000E-1	2.0347E-3	2.0347E-3	4.2003E-1	1.5981E-9
4.4000E-1	1.7974E-3	1.7974E-3	4.4004E-1	1.4117E-9
4.6000E-1	1.6439E-3	1.6439E-3	4.6005E-1	1.2912E-9
4.8000E-1	1.7755E-3	1.7755E-3	4.8003E-1	1.3945E-9
5.0000E-1	2.0773E-3	2.0773E-3	5.0003E-1	1.6315E-9
5.2000E-1	2.1283E-3	2.1283E-3	5.2004E-1	1.6716E-9
5.4000E-1	2.8202E-3	2.8202E-3	5.4002E-1	2.2149E-9
5.6000E-1	2.0618E-3	2.0618E-3	5.6003E-1	1.6194E-9
5.8000E-1	2.3111E-3	2.3111E-3	5.8004E-1	1.8151E-9
6.0000E-1	2.4456E-3	2.4456E-3	6.0002E-1	1.9208E-9
6.2000E-1	2.5601E-3	2.5601E-3	6.2002E-1	2.0107E-9
6.4000E-1	2.9332E-3	2.9332E-3	6.4003E-1	2.3037E-9
6.6000E-1	2.8821E-3	2.8821E-3	6.6002E-1	2.2636E-9
6.8000E-1	3.5786E-3	3.5786E-3	6.8003E-1	2.8106E-9
7.0000E-1	4.2785E-3	4.2785E-3	7.0004E-1	3.3604E-9
7.2000E-1	3.8043E-3	3.8043E-3	7.2005E-1	2.9879E-9
7.4000E-1	3.9911E-3	3.9911E-3	7.4002E-1	3.1346E-9
7.6000E-1	3.6055E-3	3.6055E-3	7.6004E-1	2.8318E-9
7.8000E-1	3.5287E-3	3.5287E-3	7.8004E-1	2.7714E-9
8.0000E-1	3.3830E-3	3.3830E-3	8.0001E-1	2.6570E-9
8.2000E-1	3.4120E-3	3.4120E-3	8.2003E-1	2.6798E-9
8.4000E-1	3.3841E-3	3.3841E-3	8.4004E-1	2.6579E-9
8.6000E-1	4.0758E-3	4.0758E-3	8.6001E-1	3.2011E-9
8.8000E-1	4.1372E-3	4.1372E-3	8.8005E-1	3.2494E-9
9.0000E-1	3.8997E-3	3.8997E-3	9.0006E-1	3.0628E-9
9.2000E-1	3.7359E-3	3.7359E-3	9.2002E-1	2.9341E-9
9.4000E-1	3.7814E-3	3.7814E-3	9.4003E-1	2.9699E-9
9.6000E-1	3.8024E-3	3.8024E-3	9.6005E-1	2.9864E-9
9.8000E-1	3.7987E-3	3.7987E-3	9.8004E-1	2.9835E-9
1.0000E+0	3.4034E-3	3.4034E-3	1.0000E+0	2.6730E-9
9.8000E-1	3.0450E-3	3.0450E-3	9.8002E-1	2.3915E-9
9.6000E-1	2.1289E-3	2.1289E-3	9.6005E-1	1.6720E-9
9.4000E-1	1.8445E-3	1.8445E-3	9.4004E-1	1.4487E-9
9.2000E-1	1.7507E-3	1.7507E-3	9.2002E-1	1.3750E-9
9.0000E-1	1.5069E-3	1.5069E-3	9.0005E-1	1.1835E-9
8.8000E-1	1.2256E-3	1.2256E-3	8.8004E-1	9.6261E-10
8.6000E-1	1.0849E-3	1.0849E-3	8.6002E-1	8.5209E-10
8.4000E-1	9.4486E-4	9.4486E-4	8.4002E-1	7.4209E-10
8.2000E-1	9.7002E-4	9.7002E-4	8.2002E-1	7.6185E-10
8.0000E-1	8.5341E-4	8.5341E-4	8.0001E-1	6.7027E-10
7.8000E-1	7.3238E-4	7.3238E-4	7.8004E-1	5.7521E-10
7.6000E-1	6.4622E-4	6.4622E-4	7.6002E-1	5.0754E-10
7.4000E-1	5.8934E-4	5.8934E-4	7.4000E-1	4.6286E-10
7.2000E-1	5.3713E-4	5.3713E-4	7.2004E-1	4.2186E-10
7.0000E-1	5.1440E-4	5.1440E-4	7.0003E-1	4.0401E-10
6.8000E-1	4.7812E-4	4.7812E-4	6.8002E-1	3.7551E-10
6.6000E-1	4.5473E-4	4.5473E-4	6.6002E-1	3.5714E-10
6.4000E-1	4.5613E-4	4.5613E-4	6.4004E-1	3.5824E-10
6.2000E-1	3.8769E-4	3.8769E-4	6.2003E-1	3.0449E-10
6.0000E-1	3.2358E-4	3.2358E-4	6.0002E-1	2.5414E-10
5.8000E-1	3.0127E-4	3.0127E-4	5.8004E-1	2.3662E-10
5.6000E-1	2.8002E-4	2.8002E-4	5.6004E-1	2.1993E-10
5.4000E-1	2.6497E-4	2.6497E-4	5.4002E-1	2.0811E-10
5.2000E-1	2.2361E-4	2.2361E-4	5.2004E-1	1.7562E-10
5.0000E-1	1.9834E-4	1.9834E-4	5.0003E-1	1.5578E-10
4.8000E-1	1.8309E-4	1.8309E-4	4.8002E-1	1.4380E-10
4.6000E-1	1.7119E-4	1.7119E-4	4.6005E-1	1.3445E-10
4.4000E-1	1.6030E-4	1.6030E-4	4.4004E-1	1.2590E-10
4.2000E-1	1.4251E-4	1.4251E-4	4.2004E-1	1.1193E-10
4.0000E-1	1.2782E-4	1.2782E-4	4.0006E-1	1.0039E-10
3.8000E-1	1.0464E-4	1.0464E-4	3.8004E-1	8.2181E-11
3.6000E-1	1.0369E-4	1.0369E-4	3.6003E-1	8.1442E-11
3.4000E-1	9.3228E-5	9.3228E-5	3.4004E-1	7.3221E-11
3.2000E-1	8.6160E-5	8.6160E-5	3.2004E-1	6.7670E-11
3.0000E-1	7.5615E-5	7.5615E-5	3.0002E-1	5.9388E-11
2.8000E-1	6.6336E-5	6.6336E-5	2.8005E-1	5.2100E-11
2.6000E-1	6.0336E-5	6.0336E-5	2.6004E-1	4.7387E-11
2.4000E-1	5.4494E-5	5.4494E-5	2.4003E-1	4.2799E-11
2.2000E-1	4.7928E-5	4.7928E-5	2.2002E-1	3.7642E-11
2.0000E-1	4.2125E-5	4.2125E-5	2.0004E-1	3.3085E-11
1.8000E-1	3.7314E-5	3.7314E-5	1.8004E-1	2.9307E-11
1.6000E-1	3.0761E-5	3.0761E-5	1.6003E-1	2.4160E-11
1.4000E-1	2.6625E-5	2.6625E-5	1.4005E-1	2.0911E-11
1.2000E-1	2.2263E-5	2.2263E-5	1.2004E-1	1.7485E-11
1.0000E-1	1.8077E-5	1.8077E-5	1.0003E-1	1.4197E-11
8.0000E-2	1.4410E-5	1.4410E-5	8.0054E-2	1.1317E-11
6.0000E-2	1.0931E-5	1.0931E-5	6.0048E-2	8.5854E-12
4.0000E-2	7.5316E-6	7.5316E-6	4.0038E-2	5.9153E-12
2.0000E-2	4.5124E-6	4.5124E-6	2.0063E-2	3.5440E-12
0.0000E+0	1.4752E-6	1.4752E-6	4.5368E-5	1.1586E-12
-2.0000E-2	1.3341E-6	-1.3341E-6	-2.0041E-2	-1.0478E-12
-4.0000E-2	4.4927E-6	-4.4927E-6	-4.0057E-2	-3.5285E-12
-6.0000E-2	7.2480E-6	-7.2480E-6	-6.0065E-2	-5.6926E-12
-8.0000E-2	1.0239E-5	-1.0239E-5	-8.0042E-2	-8.0415E-12
-1.0000E-1	1.3004E-5	-1.3004E-5	-1.0005E-1	-1.0213E-11
-1.2000E-1	1.6250E-5	-1.6250E-5	-1.2006E-1	-1.2763E-11
-1.4000E-1	1.9412E-5	-1.9412E-5	-1.4007E-1	-1.5246E-11
-1.6000E-1	2.3146E-5	-2.3146E-5	-1.6005E-1	-1.8179E-11
-1.8000E-1	2.6415E-5	-2.6415E-5	-1.8006E-1	-2.0746E-11
-2.0000E-1	3.1416E-5	-3.1416E-5	-2.0006E-1	-2.4674E-11
-2.2000E-1	3.4633E-5	-3.4633E-5	-2.2008E-1	-2.7200E-11
-2.4000E-1	4.0153E-5	-4.0153E-5	-2.4005E-1	-3.1536E-11
-2.6000E-1	4.5974E-5	-4.5974E-5	-2.6006E-1	-3.6108E-11
-2.8000E-1	5.2065E-5	-5.2065E-5	-2.8008E-1	-4.0892E-11
-3.0000E-1	5.9136E-5	-5.9136E-5	-3.0009E-1	-4.6445E-11
-3.2000E-1	7.1994E-5	-7.1994E-5	-3.2007E-1	-5.6544E-11
-3.4000E-1	8.1948E-5	-8.1948E-5	-3.4008E-1	-6.4361E-11
-3.6000E-1	9.3097E-5	-9.3097E-5	-3.6008E-1	-7.3118E-11
-3.8000E-1	1.0459E-4	-1.0459E-4	-3.8010E-1	-8.2145E-11
-4.0000E-1	1.2729E-4	-1.2729E-4	-3.8462E-1	-9.9974E-11
-4.2000E-1	1.2823E-4	-1.2823E-4	-3.9478E-1	-1.0071E-10
-4.4000E-1	1.2876E-4	-1.2876E-4	-3.7041E-1	-1.0113E-10
-4.6000E-1	1.3032E-4	-1.3032E-4	-1.8585E-1	-1.0235E-10
-4.8000E-1	1.3061E-4	-1.3061E-4	-2.1002E-1	-1.0258E-10
-5.0000E-1	1.3293E-4	-1.3293E-4	-1.3223E-1	-1.0441E-10
-5.2000E-1	9.8460E-5	-9.8460E-5	-5.2008E-1	-7.7330E-11
-5.4000E-1	2.6234E-4	-2.6234E-4	-5.4005E-1	-2.0604E-10
-5.6000E-1	3.5174E-4	-3.5174E-4	-5.6008E-1	-2.7626E-10
-5.8000E-1	4.4909E-4	-4.4909E-4	-5.8009E-1	-3.5272E-10
-6.0000E-1	6.0824E-4	-6.0824E-4	-6.0012E-1	-4.7771E-10
-6.2000E-1	9.1632E-4	-9.1632E-4	-6.2004E-1	-7.1967E-10
-6.4000E-1	1.1358E-3	-1.1358E-3	-6.4010E-1	-8.9207E-10
-6.6000E-1	1.2670E-3	-1.2670E-3	-6.5421E-1	-9.9508E-10
-6.8000E-1	1.3006E-3	-1.3006E-3	-6.6862E-1	-1.0215E-9
-7.0000E-1	1.5903E-3	-1.5903E-3	-7.0009E-1	-1.2490E-9
-7.2000E-1	2.1308E-3	-2.1308E-3	-7.2009E-1	-1.6735E-9
-7.4000E-1	3.0011E-3	-3.0011E-3	-7.4010E-1	-2.3570E-9
-7.6000E-1	3.8932E-3	-3.8932E-3	-7.6010E-1	-3.0577E-9
-7.8000E-1	5.3017E-3	-5.3017E-3	-7.8007E-1	-4.1640E-9
-8.0000E-1	7.1939E-3	-7.1939E-3	-8.0009E-1	-5.6501E-9
-8.2000E-1	9.5803E-3	-9.5803E-3	-8.2010E-1	-7.5243E-9
-8.4000E-1	1.3072E-2	-1.3072E-2	-8.4007E-1	-1.0267E-8
-8.6000E-1	7.3285E-3	-7.3285E-3	-8.6009E-1	-5.7558E-9
-8.8000E-1	8.9783E-3	-8.9783E-3	-8.8010E-1	-7.0515E-9
-9.0000E-1	1.4536E-2	-1.4536E-2	-9.0011E-1	-1.1417E-8
-9.2000E-1	2.1870E-2	-2.1870E-2	-9.2009E-1	-1.7176E-8
-9.4000E-1	3.0737E-2	-3.0737E-2	-9.4010E-1	-2.4141E-8
-9.6000E-1	4.2077E-2	-4.2077E-2	-9.6011E-1	-3.3047E-8
-9.8000E-1	5.5361E-2	-5.5361E-2	-9.8012E-1	-4.3481E-8
-1.0000E+0	7.0552E-2	-7.0552E-2	-1.0001E+0	-5.5411E-8
-9.8000E-1	6.5618E-2	-6.5618E-2	-9.8012E-1	-5.1536E-8
-9.6000E-1	5.9354E-2	-5.9354E-2	-9.6011E-1	-4.6616E-8
-9.4000E-1	5.4036E-2	-5.4036E-2	-9.4011E-1	-4.2440E-8
-9.2000E-1	4.7834E-2	-4.7834E-2	-9.2009E-1	-3.7569E-8
-9.0000E-1	4.1980E-2	-4.1980E-2	-9.0011E-1	-3.2971E-8
-8.8000E-1	3.6672E-2	-3.6672E-2	-8.8010E-1	-2.8802E-8
-8.6000E-1	3.1315E-2	-3.1315E-2	-8.6009E-1	-2.4594E-8
-8.4000E-1	2.7768E-2	-2.7768E-2	-8.4008E-1	-2.1809E-8
-8.2000E-1	2.2846E-2	-2.2846E-2	-8.2009E-1	-1.7944E-8
-8.0000E-1	1.9173E-2	-1.9173E-2	-8.0008E-1	-1.5059E-8
-7.8000E-1	1.5728E-2	-1.5728E-2	-7.8007E-1	-1.2352E-8
-7.6000E-1	1.3287E-2	-1.3287E-2	-7.6010E-1	-1.0436E-8
-7.4000E-1	1.0723E-2	-1.0723E-2	-7.4009E-1	-8.4222E-9
-7.2000E-1	8.7116E-3	-8.7116E-3	-7.2010E-1	-6.8421E-9
-7.0000E-1	7.0156E-3	-7.0156E-3	-7.0008E-1	-5.5100E-9
-6.8000E-1	5.6736E-3	-5.6736E-3	-6.8011E-1	-4.4560E-9
-6.6000E-1	4.6004E-3	-4.6004E-3	-6.6011E-1	-3.6131E-9
-6.4000E-1	3.7771E-3	-3.7771E-3	-6.4009E-1	-2.9665E-9
-6.2000E-1	2.9714E-3	-2.9714E-3	-6.2007E-1	-2.3338E-9
-6.0000E-1	2.4596E-3	-2.4596E-3	-6.0011E-1	-1.9318E-9
-5.8000E-1	1.9935E-3	-1.9935E-3	-5.8009E-1	-1.5657E-9
-5.6000E-1	1.5711E-3	-1.5711E-3	-5.6008E-1	-1.2339E-9
-5.4000E-1	1.0918E-3	-1.0918E-3	-5.4006E-1	-8.5752E-10
-5.2000E-1	9.1729E-4	-9.1729E-4	-5.2010E-1	-7.2044E-10
-5.0000E-1	7.2310E-4	-7.2310E-4	-5.0009E-1	-5.6792E-10
-4.8000E-1	5.6486E-4	-5.6486E-4	-4.8007E-1	-4.4364E-10
-4.6000E-1	4.8351E-4	-4.8351E-4	-4.6008E-1	-3.7974E-10
-4.4000E-1	3.7138E-4	-3.7138E-4	-4.4010E-1	-2.9168E-10
-4.2000E-1	3.0608E-4	-3.0608E-4	-4.2009E-1	-2.4040E-10
-4.0000E-1	2.3210E-4	-2.3210E-4	-4.0008E-1	-1.8229E-10
-3.8000E-1	1.8583E-4	-1.8583E-4	-3.8010E-1	-1.4595E-10
-3.6000E-1	1.4666E-4	-1.4666E-4	-3.6009E-1	-1.1519E-10
-3.4000E-1	1.0305E-4	-1.0305E-4	-3.4007E-1	-8.0932E-11
-3.2000E-1	1.0364E-4	-1.0364E-4	-3.2007E-1	-8.1398E-11
-3.0000E-1	8.5944E-5	-8.5944E-5	-3.0009E-1	-6.7501E-11
-2.8000E-1	7.2007E-5	-7.2007E-5	-2.8008E-1	-5.6554E-11
-2.6000E-1	6.2755E-5	-6.2755E-5	-2.6006E-1	-4.9287E-11
-2.4000E-1	5.4132E-5	-5.4132E-5	-2.4005E-1	-4.2515E-11
-2.2000E-1	4.5935E-5	-4.5935E-5	-2.2008E-1	-3.6077E-11
-2.0000E-1	4.0162E-5	-4.0162E-5	-2.0007E-1	-3.1543E-11
-1.8000E-1	3.5243E-5	-3.5243E-5	-1.8006E-1	-2.7680E-11
-1.6000E-1	3.0711E-5	-3.0711E-5	-1.6005E-1	-2.4120E-11
-1.4000E-1	2.5641E-5	-2.5641E-5	-1.4008E-1	-2.0138E-11
-1.2000E-1	2.1844E-5	-2.1844E-5	-1.2006E-1	-1.7156E-11
-1.0000E-1	1.8042E-5	-1.8042E-5	-1.0005E-1	-1.4170E-11
-8.0000E-2	1.5258E-5	-1.5258E-5	-8.0041E-2	-1.1983E-11
-6.0000E-2	1.1356E-5	-1.1356E-5	-6.0069E-2	-8.9192E-12
-4.0000E-2	8.2250E-6	-8.2250E-6	-4.0057E-2	-6.4599E-12
-2.0000E-2	4.4119E-6	-4.4119E-6	-2.0044E-2	-3.4651E-12
-0.0000E+0	9.4593E-7	-9.4593E-7	-6.4911E-5	-7.4293E-13
0.0000E+0	6.3706E-8	-6.3706E-8	-6.4064E-5	-5.0034E-14
2.0000E-2	2.6881E-6	2.6881E-6	2.0058E-2	2.1112E-12
4.0000E-2	6.3179E-6	6.3179E-6	4.0035E-2	4.9620E-12
6.0000E-2	9.9771E-6	9.9771E-6	6.0045E-2	7.8360E-12
8.0000E-2	1.3890E-5	1.3890E-5	8.0052E-2	1.0909E-11
1.0000E-1	1.7928E-5	1.7928E-5	1.0003E-1	1.4080E-11
1.2000E-1	2.2495E-5	2.2495E-5	1.2004E-1	1.7668E-11
1.4000E-1	2.7247E-5	2.7247E-5	1.4005E-1	2.1400E-11
1.6000E-1	3.2563E-5	3.2563E-5	1.6003E-1	2.5575E-11
1.8000E-1	3.8272E-5	3.8272E-5	1.8004E-1	3.0059E-11
2.0000E-1	4.4772E-5	4.4772E-5	2.0004E-1	3.5164E-11
2.2000E-1	5.2032E-5	5.2032E-5	2.2002E-1	4.0866E-11
2.4000E-1	5.9391E-5	5.9391E-5	2.4002E-1	4.6646E-11
2.6000E-1	6.7075E-5	6.7075E-5	2.6003E-1	5.2680E-11
2.8000E-1	7.3776E-5	7.3776E-5	2.8005E-1	5.7943E-11
3.0000E-1	8.3414E-5	8.3414E-5	3.0003E-1	6.5513E-11
3.2000E-1	8.9559E-5	8.9559E-5	3.2004E-1	7.0340E-11
3.4000E-1	1.0153E-4	1.0153E-4	3.4004E-1	7.9744E-11
3.6000E-1	1.1143E-4	1.1143E-4	3.6002E-1	8.7513E-11
3.8000E-1	1.2234E-4	1.2234E-4	3.8004E-1	9.6088E-11
4.0000E-1	1.2857E-4	1.2857E-4	3.8902E-1	1.0098E-10
4.2000E-1	1.2896E-4	1.2896E-4	3.7831E-1	1.0129E-10
4.4000E-1	1.2333E-4	1.2333E-4	4.4005E-1	9.6861E-11
4.6000E-1	1.6073E-4	1.6073E-4	4.6006E-1	1.2624E-10
4.8000E-1	1.7254E-4	1.7254E-4	4.8002E-1	1.3552E-10
5.0000E-1	1.8336E-4	1.8336E-4	5.0003E-1	1.4401E-10
5.2000E-1	2.0070E-4	2.0070E-4	5.2005E-1	1.5763E-10
5.4000E-1	2.1153E-4	2.1153E-4	5.4002E-1	1.6614E-10
5.6000E-1	2.3263E-4	2.3263E-4	5.6003E-1	1.8270E-10
5.8000E-1	2.4667E-4	2.4667E-4	5.8004E-1	1.9374E-10
6.0000E-1	2.7512E-4	2.7512E-4	6.0002E-1	2.1608E-10
6.2000E-1	3.2168E-4	3.2168E-4	6.2003E-1	2.5265E-10
6.4000E-1	3.1511E-4	3.1511E-4	6.4004E-1	2.4749E-10
6.6000E-1	3.5283E-4	3.5283E-4	6.6002E-1	2.7711E-10
6.8000E-1	3.8920E-4	3.8920E-4	6.8003E-1	3.0567E-10
7.0000E-1	4.2708E-4	4.2708E-4	7.0004E-1	3.3543E-10
7.2000E-1	4.9120E-4	4.9120E-4	7.2006E-1	3.8579E-10
7.4000E-1	5.1598E-4	5.1598E-4	7.4003E-1	4.0525E-10
7.6000E-1	5.4315E-4	5.4315E-4	7.6003E-1	4.2659E-10
7.8000E-1	5.7623E-4	5.7623E-4	7.8004E-1	4.5257E-10
8.0000E-1	6.8102E-4	6.8102E-4	8.0000E-1	5.3487E-10
8.2000E-1	6.7910E-4	6.7910E-4	8.2001E-1	5.3336E-10
8.4000E-1	7.7032E-4	7.7032E-4	8.4002E-1	6.0501E-10
8.6000E-1	8.4098E-4	8.4098E-4	8.6003E-1	6.6050E-10
8.8000E-1	8.8848E-4	8.8848E-4	8.8003E-1	6.9781E-10
9.0000E-1	9.3977E-4	9.3977E-4	9.0005E-1	7.3809E-10
9.2000E-1	9.7611E-4	9.7611E-4	9.2002E-1	7.6663E-10
9.4000E-1	1.0319E-3	1.0319E-3	9.4002E-1	8.1042E-10
9.6000E-1	1.0883E-3	1.0883E-3	9.6005E-1	8.5477E-10
9.8000E-1	1.1650E-3	1.1650E-3	9.8002E-1	9.1499E-10
1.0000E+0	1.2374E-3	1.2374E-3	1.0000E+0	9.7188E-10
9.8000E-1	1.1172E-3	1.1172E-3	9.8004E-1	8.7741E-10
9.6000E-1	9.5185E-4	9.5185E-4	9.6006E-1	7.4758E-10
9.4000E-1	7.8221E-4	7.8221E-4	9.4003E-1	6.1435E-10
9.2000E-1	7.0108E-4	7.0108E-4	9.2002E-1	5.5063E-10
9.0000E-1	6.3971E-4	6.3971E-4	9.0004E-1	5.0243E-10
8.8000E-1	5.8279E-4	5.8279E-4	8.8003E-1	4.5772E-10
8.6000E-1	5.4429E-4	5.4429E-4	8.6002E-1	4.2748E-10
8.4000E-1	4.9751E-4	4.9751E-4	8.4004E-1	3.9074E-10
8.2000E-1	4.8391E-4	4.8391E-4	8.2002E-1	3.8007E-10
8.0000E-1	4.5017E-4	4.5017E-4	8.0001E-1	3.5356E-10
7.8000E-1	4.4287E-4	4.4287E-4	7.8003E-1	3.4783E-10
7.6000E-1	3.5778E-4	3.5778E-4	7.6002E-1	2.8100E-10
7.4000E-1	3.1726E-4	3.1726E-4	7.4002E-1	2.4917E-10
7.2000E-1	2.8255E-4	2.8255E-4	7.2005E-1	2.2191E-10
7.0000E-1	2.6379E-4	2.6379E-4	7.0004E-1	2.0718E-10
6.8000E-1	2.2535E-4	2.2535E-4	6.8003E-1	1.7699E-10
6.6000E-1	2.0513E-4	2.0513E-4	6.6002E-1	1.6111E-10
6.4000E-1	1.8118E-4	1.8118E-4	6.4004E-1	1.4230E-10
6.2000E-1	1.6191E-4	1.6191E-4	6.2003E-1	1.2717E-10
6.0000E-1	1.5068E-4	1.5068E-4	6.0003E-1	1.1834E-10
5.8000E-1	1.3423E-4	1.3423E-4	5.8005E-1	1.0543E-10
5.6000E-1	1.1835E-4	1.1835E-4	5.6002E-1	9.2952E-11
5.4000E-1	1.1616E-4	1.1616E-4	5.4001E-1	9.1228E-11
5.2000E-1	1.0794E-4	1.0794E-4	5.2003E-1	8.4774E-11
5.0000E-1	9.7249E-5	9.7249E-5	5.0003E-1	7.6379E-11
4.8000E-1	8.7593E-5	8.7593E-5	4.8002E-1	6.8796E-11
4.6000E-1	7.9317E-5	7.9317E-5	4.6005E-1	6.2295E-11
4.4000E-1	7.1028E-5	7.1028E-5	4.4004E-1	5.5785E-11
4.2000E-1	6.5017E-5	6.5017E-5	4.2003E-1	5.1064E-11
4.0000E-1	5.8578E-5	5.8578E-5	4.0005E-1	4.6007E-11
3.8000E-1	5.3759E-5	5.3759E-5	3.8004E-1	4.2222E-11
3.6000E-1	4.8227E-5	4.8227E-5	3.6004E-1	3.7878E-11
3.4000E-1	4.3587E-5	4.3587E-5	3.4005E-1	3.4233E-11
3.2000E-1	3.8510E-5	3.8510E-5	3.2005E-1	3.0246E-11
3.0000E-1	3.3795E-5	3.3795E-5	3.0004E-1	2.6542E-11
2.8000E-1	3.0159E-5	3.0159E-5	2.8005E-1	2.3687E-11
2.6000E-1	2.6649E-5	2.6649E-5	2.6004E-1	2.0930E-11
2.4000E-1	2.3400E-5	2.3400E-5	2.4003E-1	1.8378E-11
2.2000E-1	2.0663E-5	2.0663E-5	2.2003E-1	1.6229E-11
2.0000E-1	1.8555E-5	1.8555E-5	2.0004E-1	1.4573E-11
1.8000E-1	1.6982E-5	1.6982E-5	1.8004E-1	1.3338E-11
1.6000E-1	1.4785E-5	1.4785E-5	1.6003E-1	1.1612E-11
1.4000E-1	1.2084E-5	1.2084E-5	1.4005E-1	9.4904E-12
1.2000E-1	1.0298E-5	1.0298E-5	1.2005E-1	8.0880E-12
1.0000E-1	8.0228E-6	8.0228E-6	1.0004E-1	6.3011E-12
8.0000E-2	6.4502E-6	6.4502E-6	8.0058E-2	5.0659E-12
6.0000E-2	4.8399E-6	4.8399E-6	6.0052E-2	3.8013E-12
4.0000E-2	3.4664E-6	3.4664E-6	4.0041E-2	2.7225E-12
2.0000E-2	2.1864E-6	2.1864E-6	2.0062E-2	1.7172E-12
0.0000E+0	8.3709E-7	8.3709E-7	5.2139E-5	6.5745E-13
-2.0000E-2	4.5472E-7	-4.5472E-7	-2.0042E-2	-3.5714E-13
-4.0000E-2	1.7434E-6	-1.7434E-6	-4.0053E-2	-1.3693E-12
-6.0000E-2	3.0439E-6	-3.0439E-6	-6.0065E-2	-2.3907E-12
-8.0000E-2	4.2268E-6	-4.2268E-6	-8.0041E-2	-3.3198E-12
-1.0000E-1	5.3594E-6	-5.3594E-6	-1.0005E-1	-4.2092E-12
-1.2000E-1	6.6897E-6	-6.6897E-6	-1.2006E-1	-5.2541E-12
-1.4000E-1	8.0242E-6	-8.0242E-6	-1.4008E-1	-6.3022E-12
-1.6000E-1	9.1451E-6	-9.1451E-6	-1.6006E-1	-7.1825E-12
-1.8000E-1	1.1024E-5	-1.1024E-5	-1.8007E-1	-8.6585E-12
-2.0000E-1	1.2932E-5	-1.2932E-5	-2.0007E-1	-1.0157E-11
-2.2000E-1	1.4396E-5	-1.4396E-5	-2.2008E-1	-1.1307E-11
-2.4000E-1	1.7358E-5	-1.7358E-5	-2.4006E-1	-1.3633E-11
-2.6000E-1	1.9488E-5	-1.9488E-5	-2.6006E-1	-1.5306E-11
-2.8000E-1	2.3171E-5	-2.3171E-5	-2.8007E-1	-1.8199E-11
-3.0000E-1	3.0502E-5	-3.0502E-5	-3.0009E-1	-2.3956E-11
-3.2000E-1	3.3832E-5	-3.3832E-5	-3.2006E-1	-2.6571E-11
-3.4000E-1	3.7914E-5	-3.7914E-5	-3.4007E-1	-2.9778E-11
-3.6000E-1	5.3380E-5	-5.3380E-5	-3.6008E-1	-4.1925E-11
-3.8000E-1	5.8481E-5	-5.8481E-5	-3.8010E-1	-4.5931E-11
-4.0000E-1	5.5715E-5	-5.5715E-5	-4.0008E-1	-4.3759E-11
-4.2000E-1	6.2690E-5	-6.2690E-5	-4.2009E-1	-4.9237E-11
-4.4000E-1	8.8420E-5	-8.8420E-5	-4.4008E-1	-6.9445E-11
-4.6000E-1	1.2796E-4	-1.2796E-4	-4.4171E-1	-1.0050E-10
-4.8000E-1	1.2897E-4	-1.2897E-4	-4.0105E-1	-1.0129E-10
-5.0000E-1	2.2923E-6	2.2923E-6	-5.0004E-1	1.8004E-12
-5.2000E-1	1.1866E-4	-1.1866E-4	-5.2009E-1	-9.3199E-11
-5.4000E-1	1.2920E-4	-1.2920E-4	-4.6153E-1	-1.0148E-10
-5.6000E-1	1.3128E-4	-1.3128E-4	-2.3619E-1	-1.0311E-10
-5.8000E-1	1.6853E-4	-1.6853E-4	-5.8008E-1	-1.3236E-10
-6.0000E-1	4.1443E-4	-4.1443E-4	-6.0011E-1	-3.2550E-10
-6.2000E-1	5.4028E-4	-5.4028E-4	-6.2007E-1	-4.2434E-10
-6.4000E-1	7.0212E-4	-7.0212E-4	-6.4009E-1	-5.5145E-10
-6.6000E-1	8.3254E-4	-8.3254E-4	-6.6009E-1	-6.5387E-10
-6.8000E-1	1.1287E-3	-1.1287E-3	-6.8011E-1	-8.8648E-10
-7.0000E-1	1.2951E-3	-1.2951E-3	-6.7837E-1	-1.0172E-9
-7.2000E-1	1.6504E-3	-1.6504E-3	-7.2009E-1	-1.2962E-9
-7.4000E-1	2.0714E-3	-2.0714E-3	-7.4009E-1	-1.6269E-9
-7.6000E-1	2.7419E-3	-2.7419E-3	-7.6010E-1	-2.1535E-9
-7.8000E-1	3.7009E-3	-3.7009E-3	-7.8008E-1	-2.9066E-9
-8.0000E-1	4.6408E-3	-4.6408E-3	-8.0008E-1	-3.6449E-9
-8.2000E-1	6.2939E-3	-6.2939E-3	-8.2010E-1	-4.9432E-9
-8.4000E-1	8.0496E-3	-8.0496E-3	-8.4008E-1	-6.3222E-9
-8.6000E-1	1.0322E-2	-1.0322E-2	-8.6009E-1	-8.1066E-9
-8.8000E-1	1.3102E-2	-1.3102E-2	-8.8010E-1	-1.0290E-8
-9.0000E-1	7.1318E-3	-7.1318E-3	-9.0011E-1	-5.6013E-9
-9.2000E-1	1.0904E-2	-1.0904E-2	-9.2009E-1	-8.5638E-9
-9.4000E-1	9.8654E-3	-9.8654E-3	-9.4010E-1	-7.7483E-9
-9.6000E-1	1.3944E-2	-1.3944E-2	-9.6011E-1	-1.0951E-8
-9.8000E-1	1.8922E-2	-1.8922E-2	-9.8012E-1	-1.4861E-8
-1.0000E+0	2.5203E-2	-2.5203E-2	-1.0001E+0	-1.9794E-8
-9.8000E-1	2.3795E-2	-2.3795E-2	-9.8012E-1	-1.8689E-8
-9.6000E-1	2.1514E-2	-2.1514E-2	-9.6011E-1	-1.6897E-8
-9.4000E-1	1.9474E-2	-1.9474E-2	-9.4010E-1	-1.5295E-8
-9.2000E-1	1.7218E-2	-1.7218E-2	-9.2009E-1	-1.3523E-8
-9.0000E-1	1.5296E-2	-1.5296E-2	-9.0011E-1	-1.2013E-8
-8.8000E-1	1.3690E-2	-1.3690E-2	-8.8010E-1	-1.0752E-8
-8.6000E-1	1.2206E-2	-1.2206E-2	-8.6009E-1	-9.5862E-9
-8.4000E-1	1.0795E-2	-1.0795E-2	-8.4007E-1	-8.4785E-9
-8.2000E-1	9.3533E-3	-9.3533E-3	-8.2010E-1	-7.3461E-9
-8.0000E-1	8.0928E-3	-8.0928E-3	-8.0009E-1	-6.3561E-9
-7.8000E-1	7.0602E-3	-7.0602E-3	-7.8008E-1	-5.5451E-9
-7.6000E-1	6.0738E-3	-6.0738E-3	-7.6010E-1	-4.7703E-9
-7.4000E-1	5.1430E-3	-5.1430E-3	-7.4009E-1	-4.0393E-9
-7.2000E-1	4.4351E-3	-4.4351E-3	-7.2009E-1	-3.4833E-9
-7.0000E-1	3.7912E-3	-3.7912E-3	-7.0009E-1	-2.9776E-9
-6.8000E-1	3.1903E-3	-3.1903E-3	-6.8011E-1	-2.5057E-9
-6.6000E-1	2.7369E-3	-2.7369E-3	-6.6011E-1	-2.1496E-9
-6.4000E-1	2.2848E-3	-2.2848E-3	-6.4009E-1	-1.7945E-9
-6.2000E-1	1.9335E-3	-1.9335E-3	-6.2008E-1	-1.5186E-9
-6.0000E-1	1.6157E-3	-1.6157E-3	-6.0010E-1	-1.2690E-9
-5.8000E-1	1.3895E-3	-1.3895E-3	-5.8009E-1	-1.0913E-9
-5.6000E-1	1.0661E-3	-1.0661E-3	-5.6008E-1	-8.3735E-10
-5.4000E-1	9.3283E-4	-9.3283E-4	-5.4007E-1	-7.3264E-10
-5.2000E-1	7.5540E-4	-7.5540E-4	-5.2009E-1	-5.9329E-10
-5.0000E-1	6.5136E-4	-6.5136E-4	-5.0009E-1	-5.1158E-10
-4.8000E-1	5.3184E-4	-5.3184E-4	-4.8008E-1	-4.1771E-10
-4.6000E-1	4.2833E-4	-4.2833E-4	-4.6008E-1	-3.3641E-10
-4.4000E-1	3.4819E-4	-3.4819E-4	-4.4011E-1	-2.7346E-10
-4.2000E-1	2.7078E-4	-2.7078E-4	-4.2009E-1	-2.1267E-10
-4.0000E-1	2.0441E-4	-2.0441E-4	-4.0008E-1	-1.6054E-10
-3.8000E-1	1.5328E-4	-1.5328E-4	-3.8010E-1	-1.2038E-10
-3.6000E-1	1.0642E-4	-1.0642E-4	-3.6009E-1	-8.3580E-11
-3.4000E-1	9.4000E-5	-9.4000E-5	-3.4008E-1	-7.3827E-11
-3.2000E-1	7.2956E-5	-7.2956E-5	-3.2008E-1	-5.7300E-11
-3.0000E-1	5.7638E-5	-5.7638E-5	-3.0009E-1	-4.5269E-11
-2.8000E-1	4.6059E-5	-4.6059E-5	-2.8008E-1	-3.6175E-11
-2.6000E-1	3.7073E-5	-3.7073E-5	-2.6006E-1	-2.9117E-11
-2.4000E-1	2.9363E-5	-2.9363E-5	-2.4006E-1	-2.3062E-11
-2.2000E-1	2.3969E-5	-2.3969E-5	-2.2008E-1	-1.8825E-11
-2.0000E-1	2.0161E-5	-2.0161E-5	-2.0007E-1	-1.5834E-11
-1.8000E-1	1.6594E-5	-1.6594E-5	-1.8007E-1	-1.3033E-11
-1.6000E-1	1.3750E-5	-1.3750E-5	-1.6005E-1	-1.0799E-11
-1.4000E-1	1.1473E-5	-1.1473E-5	-1.4008E-1	-9.0105E-12
-1.2000E-1	9.5979E-6	-9.5979E-6	-1.2006E-1	-7.5382E-12
-1.0000E-1	7.6661E-6	-7.6661E-6	-1.0005E-1	-6.0210E-12
-8.0000E-2	6.0184E-6	-6.0184E-6	-8.0046E-2	-4.7269E-12
-6.0000E-2	4.6163E-6	-4.6163E-6	-6.0066E-2	-3.6256E-12
-4.0000E-2	3.1018E-6	-3.1018E-6	-4.0057E-2	-2.4361E-12
-2.0000E-2	1.7158E-6	-1.7158E-6	-2.0045E-2	-1.3476E-12
-0.0000E+0	2.9265E-7	-2.9265E-7	-6.3726E-5	-2.2985E-13
0.0000E+0	1.3270E-9	-1.3270E-9	-6.3388E-5	-1.0422E-15
2.0000E-2	1.1661E-6	1.1661E-6	2.0060E-2	9.1582E-13
4.0000E-2	2.6636E-6	2.6636E-6	4.0040E-2	2.0920E-12
6.0000E-2	4.2563E-6	4.2563E-6	6.0048E-2	3.3429E-12
8.0000E-2	5.9627E-6	5.9627E-6	8.0056E-2	4.6831E-12
1.0000E-1	7.7118E-6	7.7118E-6	1.0004E-1	6.0568E-12
1.2000E-1	9.4725E-6	9.4725E-6	1.2005E-1	7.4397E-12
1.4000E-1	1.1510E-5	1.1510E-5	1.4005E-1	9.0402E-12
1.6000E-1	1.3796E-5	1.3796E-5	1.6003E-1	1.0836E-11
1.8000E-1	1.5877E-5	1.5877E-5	1.8004E-1	1.2470E-11
2.0000E-1	1.9038E-5	1.9038E-5	2.0004E-1	1.4952E-11
2.2000E-1	2.1781E-5	2.1781E-5	2.2002E-1	1.7107E-11
2.4000E-1	2.6143E-5	2.6143E-5	2.4003E-1	2.0532E-11
2.6000E-1	2.7337E-5	2.7337E-5	2.6004E-1	2.1471E-11
2.8000E-1	3.0299E-5	3.0299E-5	2.8005E-1	2.3796E-11
3.0000E-1	3.3420E-5	3.3420E-5	3.0003E-1	2.6248E-11
3.2000E-1	3.8596E-5	3.8596E-5	3.2004E-1	3.0313E-11
3.4000E-1	4.2160E-5	4.2160E-5	3.4005E-1	3.3112E-11
3.6000E-1	4.7101E-5	4.7101E-5	3.6003E-1	3.6993E-11
3.8000E-1	5.1255E-5	5.1255E-5	3.8004E-1	4.0256E-11
4.0000E-1	5.9379E-5	5.9379E-5	4.0005E-1	4.6636E-11
4.2000E-1	7.0779E-5	7.0779E-5	4.2003E-1	5.5590E-11
4.4000E-1	8.0939E-5	8.0939E-5	4.4003E-1	6.3569E-11
4.6000E-1	8.0261E-5	8.0261E-5	4.6004E-1	6.3037E-11
4.8000E-1	8.8602E-5	8.8602E-5	4.8001E-1	6.9588E-11
5.0000E-1	1.0561E-4	1.0561E-4	5.0003E-1	8.2944E-11
5.2000E-1	1.1339E-4	1.1339E-4	5.2003E-1	8.9059E-11
5.4000E-1	1.2053E-4	1.2053E-4	5.4002E-1	9.4663E-11
5.6000E-1	1.2799E-4	1.2799E-4	5.5478E-1	1.0052E-10
5.8000E-1	1.2897E-4	1.2897E-4	5.6656E-1	1.0129E-10
6.0000E-1	1.4126E-4	1.4126E-4	6.0001E-1	1.1094E-10
6.2000E-1	1.7167E-4	1.7167E-4	6.2004E-1	1.3483E-10
6.4000E-1	1.7920E-4	1.7920E-4	6.4004E-1	1.4074E-10
6.6000E-1	1.9419E-4	1.9419E-4	6.6003E-1	1.5252E-10
6.8000E-1	1.9762E-4	1.9762E-4	6.8003E-1	1.5521E-10
7.0000E-1	2.3568E-4	2.3568E-4	7.0003E-1	1.8511E-10
7.2000E-1	2.8204E-4	2.8204E-4	7.2005E-1	2.2151E-10
7.4000E-1	2.7632E-4	2.7632E-4	7.4002E-1	2.1702E-10
7.6000E-1	3.2122E-4	3.2122E-4	7.6003E-1	2.5228E-10
7.8000E-1	3.2988E-4	3.2988E-4	7.8003E-1	2.5909E-10
8.0000E-1	3.8906E-4	3.8906E-4	8.0001E-1	3.0556E-10
8.2000E-1	4.6831E-4	4.6831E-4	8.2004E-1	3.6781E-10
8.4000E-1	4.3441E-4	4.3441E-4	8.4004E-1	3.4119E-10
8.6000E-1	4.1848E-4	4.1848E-4	8.6001E-1	3.2867E-10
8.8000E-1	4.8492E-4	4.8492E-4	8.8003E-1	3.8085E-10
9.0000E-1	5.1634E-4	5.1634E-4	9.0002E-1	4.0553E-10
9.2000E-1	5.9435E-4	5.9435E-4	9.2001E-1	4.6680E-10
9.4000E-1	6.0922E-4	6.0922E-4	9.4004E-1	4.7848E-10
9.6000E-1	7.2866E-4	7.2866E-4	9.6000E-1	5.7229E-10
9.8000E-1	9.3684E-4	9.3684E-4	9.8002E-1	7.3579E-10
1.0000E+0	8.8889E-4	8.8889E-4	1.0000E+0	6.9813E-10
9.8000E-1	7.3677E-4	7.3677E-4	9.8001E-1	5.7866E-10
9.6000E-1	6.8681E-4	6.8681E-4	9.6005E-1	5.3942E-10
9.4000E-1	7.1004E-4	7.1004E-4	9.4007E-1	5.5767E-10
9.2000E-1	6.3737E-4	6.3737E-4	9.2003E-1	5.0059E-10
9.0000E-1	4.6231E-4	4.6231E-4	9.0004E-1	3.6310E-10
8.8000E-1	4.3115E-4	4.3115E-4	8.8003E-1	3.3863E-10
8.6000E-1	4.0351E-4	4.0351E-4	8.6001E-1	3.1692E-10
8.4000E-1	3.7778E-4	3.7778E-4	8.4005E-1	2.9670E-10
8.2000E-1	2.9933E-4	2.9933E-4	8.2001E-1	2.3509E-10
8.0000E-1	2.4339E-4	2.4339E-4	8.0001E-1	1.9115E-10
7.8000E-1	2.7148E-4	2.7148E-4	7.8004E-1	2.1322E-10
7.6000E-1	2.3574E-4	2.3574E-4	7.6002E-1	1.8515E-10
7.4000E-1	2.1336E-4	2.1336E-4	7.4002E-1	1.6758E-10
7.2000E-1	2.0351E-4	2.0351E-4	7.2006E-1	1.5984E-10
7.0000E-1	2.1647E-4	2.1647E-4	7.0005E-1	1.7002E-10
6.8000E-1	2.1175E-4	2.1175E-4	6.8004E-1	1.6631E-10
6.6000E-1	1.8088E-4	1.8088E-4	6.6003E-1	1.4207E-10
6.4000E-1	1.2865E-4	1.2865E-4	6.3221E-1	1.0104E-10
6.2000E-1	1.2022E-4	1.2022E-4	6.2003E-1	9.4422E-11
6.0000E-1	1.1786E-4	1.1786E-4	6.0002E-1	9.2565E-11
5.8000E-1	1.0244E-4	1.0244E-4	5.8005E-1	8.0458E-11
5.6000E-1	1.0118E-4	1.0118E-4	5.6003E-1	7.9467E-11
5.4000E-1	8.5727E-5	8.5727E-5	5.4002E-1	6.7330E-11
5.2000E-1	7.9547E-5	7.9547E-5	5.2004E-1	6.2476E-11
5.0000E-1	8.5117E-5	8.5117E-5	5.0004E-1	6.6851E-11
4.8000E-1	5.8076E-5	5.8076E-5	4.8002E-1	4.5613E-11
4.6000E-1	6.2239E-5	6.2239E-5	4.6004E-1	4.8882E-11
4.4000E-1	4.9150E-5	4.9150E-5	4.4005E-1	3.8602E-11
4.2000E-1	4.1397E-5	4.1397E-5	4.2004E-1	3.2513E-11
4.0000E-1	3.6112E-5	3.6112E-5	4.0006E-1	2.8363E-11
3.8000E-1	3.3849E-5	3.3849E-5	3.8005E-1	2.6585E-11
3.6000E-1	3.0437E-5	3.0437E-5	3.6004E-1	2.3905E-11
3.4000E-1	2.8031E-5	2.8031E-5	3.4005E-1	2.2015E-11
3.2000E-1	2.5470E-5	2.5470E-5	3.2006E-1	2.0004E-11
3.0000E-1	2.1659E-5	2.1659E-5	3.0004E-1	1.7011E-11
2.8000E-1	1.8110E-5	1.8110E-5	2.8005E-1	1.4224E-11
2.6000E-1	1.6530E-5	1.6530E-5	2.6005E-1	1.2983E-11
2.4000E-1	1.5940E-5	1.5940E-5	2.4004E-1	1.2519E-11
2.2000E-1	1.3446E-5	1.3446E-5	2.2002E-1	1.0561E-11
2.0000E-1	1.1782E-5	1.1782E-5	2.0005E-1	9.2537E-12
1.8000E-1	1.0006E-5	1.0006E-5	1.8004E-1	7.8589E-12
1.6000E-1	8.8618E-6	8.8618E-6	1.6003E-1	6.9600E-12
1.4000E-1	7.7903E-6	7.7903E-6	1.4006E-1	6.1185E-12
1.2000E-1	7.9804E-6	7.9804E-6	1.2005E-1	6.2678E-12
1.0000E-1	5.3327E-6	5.3327E-6	1.0004E-1	4.1883E-12
8.0000E-2	3.8901E-6	3.8901E-6	8.0055E-2	3.0553E-12
6.0000E-2	2.9827E-6	2.9827E-6	6.0050E-2	2.3426E-12
4.0000E-2	2.1248E-6	2.1248E-6	4.0044E-2	1.6688E-12
2.0000E-2	1.3219E-6	1.3219E-6	2.0061E-2	1.0382E-12
0.0000E+0	5.5862E-7	5.5862E-7	4.4944E-5	4.3874E-13
-2.0000E-2	1.5748E-7	-1.5748E-7	-2.0044E-2	-1.2368E-13
-4.0000E-2	8.8853E-7	-8.8853E-7	-4.0059E-2	-6.9785E-13
-6.0000E-2	1.7089E-6	-1.7089E-6	-6.0067E-2	-1.3422E-12
-8.0000E-2	2.4448E-6	-2.4448E-6	-8.0044E-2	-1.9201E-12
-1.0000E-1	3.3166E-6	-3.3166E-6	-1.0005E-1	-2.6049E-12
-1.2000E-1	4.4292E-6	-4.4292E-6	-1.2006E-1	-3.4787E-12
-1.4000E-1	5.6005E-6	-5.6005E-6	-1.4008E-1	-4.3986E-12
-1.6000E-1	6.3591E-6	-6.3591E-6	-1.6005E-1	-4.9944E-12
-1.8000E-1	8.7636E-6	-8.7636E-6	-1.8006E-1	-6.8829E-12
-2.0000E-1	1.0102E-5	-1.0102E-5	-2.0006E-1	-7.9338E-12
-2.2000E-1	1.1489E-5	-1.1489E-5	-2.2008E-1	-9.0236E-12
-2.4000E-1	1.3756E-5	-1.3756E-5	-2.4005E-1	-1.0804E-11
-2.6000E-1	1.2591E-5	-1.2591E-5	-2.6006E-1	-9.8888E-12
-2.8000E-1	1.4078E-5	-1.4078E-5	-2.8008E-1	-1.1057E-11
-3.0000E-1	1.8749E-5	-1.8749E-5	-3.0009E-1	-1.4726E-11
-3.2000E-1	2.1088E-5	-2.1088E-5	-3.2007E-1	-1.6562E-11
-3.4000E-1	2.5878E-5	-2.5878E-5	-3.4007E-1	-2.0324E-11
-3.6000E-1	2.7835E-5	-2.7835E-5	-3.6009E-1	-2.1861E-11
-3.8000E-1	3.5676E-5	-3.5676E-5	-3.8010E-1	-2.8020E-11
-4.0000E-1	4.9902E-5	-4.9902E-5	-4.0008E-1	-3.9193E-11
-4.2000E-1	5.7473E-5	-5.7473E-5	-4.2009E-1	-4.5139E-11
-4.4000E-1	6.4531E-5	-6.4531E-5	-4.4009E-1	-5.0682E-11
-4.6000E-1	8.1985E-5	-8.1985E-5	-4.6007E-1	-6.4391E-11
-4.8000E-1	1.0454E-4	-1.0454E-4	-4.8008E-1	-8.2108E-11
-5.0000E-1	1.2579E-4	-1.2579E-4	-5.0009E-1	-9.8795E-11
-5.2000E-1	1.2864E-4	-1.2864E-4	-4.5709E-1	-1.0103E-10
-5.4000E-1	4.5404E-5	-4.5404E-5	-5.4002E-1	-3.5660E-11
-5.6000E-1	1.9792E-4	-1.9792E-4	-5.6008E-1	-1.5545E-10
-5.8000E-1	2.8992E-4	-2.8992E-4	-5.8009E-1	-2.2771E-10
-6.0000E-1	4.0155E-4	-4.0155E-4	-6.0010E-1	-3.1538E-10
-6.2000E-1	5.0437E-4	-5.0437E-4	-6.2009E-1	-3.9613E-10
-6.4000E-1	6.2371E-4	-6.2371E-4	-6.4008E-1	-4.8986E-10
-6.6000E-1	7.7945E-4	-7.7945E-4	-6.6011E-1	-6.1218E-10
-6.8000E-1	9.4417E-4	-9.4417E-4	-6.8010E-1	-7.4155E-10
-7.0000E-1	1.1709E-3	-1.1709E-3	-7.0008E-1	-9.1962E-10
-7.2000E-1	1.3029E-3	-1.3029E-3	-7.0031E-1	-1.0233E-9
-7.4000E-1	1.5826E-3	-1.5826E-3	-7.4010E-1	-1.2429E-9
-7.6000E-1	2.0712E-3	-2.0712E-3	-7.6010E-1	-1.6267E-9
-7.8000E-1	2.5181E-3	-2.5181E-3	-7.8008E-1	-1.9777E-9
-8.0000E-1	3.2258E-3	-3.2258E-3	-8.0008E-1	-2.5336E-9
-8.2000E-1	3.9994E-3	-3.9994E-3	-8.2009E-1	-3.1411E-9
-8.4000E-1	4.9855E-3	-4.9855E-3	-8.4008E-1	-3.9156E-9
-8.6000E-1	6.2488E-3	-6.2488E-3	-8.6009E-1	-4.9078E-9
-8.8000E-1	7.7197E-3	-7.7197E-3	-8.8010E-1	-6.0631E-9
-9.0000E-1	9.1788E-3	-9.1788E-3	-9.0012E-1	-7.2090E-9
-9.2000E-1	1.1495E-2	-1.1495E-2	-9.2009E-1	-9.0278E-9
-9.4000E-1	7.6052E-3	-7.6052E-3	-9.4010E-1	-5.9731E-9
-9.6000E-1	1.0293E-2	-1.0293E-2	-9.6011E-1	-8.0837E-9
-9.8000E-1	1.2770E-2	-1.2770E-2	-9.8012E-1	-1.0029E-8
-1.0000E+0	1.1834E-2	-1.1834E-2	-1.0001E+0	-9.2946E-9
-9.8000E-1	1.2014E-2	-1.2014E-2	-9.8012E-1	-9.4360E-9
-9.6000E-1	1.1103E-2	-1.1103E-2	-9.6012E-1	-8.7205E-9
-9.4000E-1	9.9145E-3	-9.9145E-3	-9.4010E-1	-7.7868E-9
-9.2000E-1	9.1323E-3	-9.1323E-3	-9.2009E-1	-7.1725E-9
-9.0000E-1	8.1857E-3	-8.1857E-3	-9.0012E-1	-6.4290E-9
-8.8000E-1	7.3725E-3	-7.3725E-3	-8.8010E-1	-5.7904E-9
-8.6000E-1	6.6759E-3	-6.6759E-3	-8.6009E-1	-5.2432E-9
-8.4000E-1	5.9355E-3	-5.9355E-3	-8.4008E-1	-4.6617E-9
-8.2000E-1	5.2400E-3	-5.2400E-3	-8.2010E-1	-4.1155E-9
-8.0000E-1	4.5078E-3	-4.5078E-3	-8.0008E-1	-3.5404E-9
-7.8000E-1	4.0332E-3	-4.0332E-3	-7.8008E-1	-3.1676E-9
-7.6000E-1	3.4512E-3	-3.4512E-3	-7.6010E-1	-2.7105E-9
-7.4000E-1	2.9348E-3	-2.9348E-3	-7.4009E-1	-2.3050E-9
-7.2000E-1	2.6001E-3	-2.6001E-3	-7.2010E-1	-2.0421E-9
-7.0000E-1	2.2317E-3	-2.2317E-3	-7.0008E-1	-1.7528E-9
-6.8000E-1	1.9908E-3	-1.9908E-3	-6.8011E-1	-1.5635E-9
-6.6000E-1	1.7032E-3	-1.7032E-3	-6.6010E-1	-1.3377E-9
-6.4000E-1	1.4444E-3	-1.4444E-3	-6.4009E-1	-1.1344E-9
-6.2000E-1	1.2554E-3	-1.2554E-3	-6.2009E-1	-9.8596E-10
-6.0000E-1	1.0597E-3	-1.0597E-3	-6.0011E-1	-8.3228E-10
-5.8000E-1	8.9604E-4	-8.9604E-4	-5.8009E-1	-7.0375E-10
-5.6000E-1	7.8278E-4	-7.8278E-4	-5.6008E-1	-6.1479E-10
-5.4000E-1	6.2443E-4	-6.2443E-4	-5.4006E-1	-4.9043E-10
-5.2000E-1	5.6009E-4	-5.6009E-4	-5.2009E-1	-4.3989E-10
-5.0000E-1	4.7731E-4	-4.7731E-4	-5.0009E-1	-3.7488E-10
-4.8000E-1	3.9867E-4	-3.9867E-4	-4.8008E-1	-3.1312E-10
-4.6000E-1	3.3190E-4	-3.3190E-4	-4.6007E-1	-2.6067E-10
-4.4000E-1	2.8784E-4	-2.8784E-4	-4.4010E-1	-2.2607E-10
-4.2000E-1	2.1956E-4	-2.1956E-4	-4.2009E-1	-1.7244E-10
-4.0000E-1	1.8270E-4	-1.8270E-4	-4.0008E-1	-1.4349E-10
-3.8000E-1	1.4229E-4	-1.4229E-4	-3.8010E-1	-1.1175E-10
-3.6000E-1	1.0315E-4	-1.0315E-4	-3.6009E-1	-8.1017E-11
-3.4000E-1	8.8592E-5	-8.8592E-5	-3.4008E-1	-6.9580E-11
-3.2000E-1	6.9920E-5	-6.9920E-5	-3.2007E-1	-5.4915E-11
-3.0000E-1	5.5878E-5	-5.5878E-5	-3.0009E-1	-4.3887E-11
-2.8000E-1	4.1679E-5	-4.1679E-5	-2.8008E-1	-3.2735E-11
-2.6000E-1	3.3597E-5	-3.3597E-5	-2.6006E-1	-2.6387E-11
-2.4000E-1	2.4877E-5	-2.4877E-5	-2.4006E-1	-1.9539E-11
-2.2000E-1	1.7170E-5	-1.7170E-5	-2.2008E-1	-1.3485E-11
-2.0000E-1	1.4165E-5	-1.4165E-5	-2.0007E-1	-1.1125E-11
-1.8000E-1	1.1263E-5	-1.1263E-5	-1.8006E-1	-8.8460E-12
-1.6000E-1	9.0139E-6	-9.0139E-6	-1.6006E-1	-7.0795E-12
-1.4000E-1	7.5429E-6	-7.5429E-6	-1.4007E-1	-5.9241E-12
-1.2000E-1	5.9611E-6	-5.9611E-6	-1.2006E-1	-4.6818E-12
-1.0000E-1	4.6946E-6	-4.6946E-6	-1.0005E-1	-3.6871E-12
-8.0000E-2	3.6361E-6	-3.6361E-6	-8.0043E-2	-2.8558E-12
-6.0000E-2	2.7242E-6	-2.7242E-6	-6.0067E-2	-2.1396E-12
-4.0000E-2	1.7890E-6	-1.7890E-6	-4.0053E-2	-1.4050E-12
-2.0000E-2	1.0072E-6	-1.0072E-6	-2.0043E-2	-7.9109E-13
-0.0000E+0	1.5065E-7	-1.5065E-7	-6.4996E-5	-1.1832E-13
0.0000E+0	2.8092E-8	2.8092E-8	-6.4742E-5	2.2063E-14
2.0000E-2	6.7108E-7	6.7108E-7	2.0060E-2	5.2706E-13
4.0000E-2	1.5399E-6	1.5399E-6	4.0037E-2	1.2094E-12
6.0000E-2	2.4489E-6	2.4489E-6	6.0049E-2	1.9234E-12
8.0000E-2	3.4268E-6	3.4268E-6	8.0057E-2	2.6914E-12
1.0000E-1	4.3920E-6	4.3920E-6	1.0004E-1	3.4495E-12
1.2000E-1	5.3584E-6	5.3584E-6	1.2005E-1	4.2084E-12
1.4000E-1	6.4248E-6	6.4248E-6	1.4005E-1	5.0460E-12
1.6000E-1	8.2626E-6	8.2626E-6	1.6003E-1	6.4894E-12
1.8000E-1	1.1199E-5	1.1199E-5	1.8004E-1	8.7960E-12
2.0000E-1	1.4018E-5	1.4018E-5	2.0005E-1	1.1009E-11
2.2000E-1	1.2646E-5	1.2646E-5	2.2003E-1	9.9325E-12
2.4000E-1	1.4645E-5	1.4645E-5	2.4003E-1	1.1502E-11
2.6000E-1	1.6910E-5	1.6910E-5	2.6004E-1	1.3281E-11
2.8000E-1	2.1155E-5	2.1155E-5	2.8005E-1	1.6615E-11
3.0000E-1	2.4606E-5	2.4606E-5	3.0003E-1	1.9325E-11
3.2000E-1	3.9053E-5	3.9053E-5	3.2005E-1	3.0672E-11
3.4000E-1	3.8838E-5	3.8838E-5	3.4005E-1	3.0503E-11
3.6000E-1	3.3115E-5	3.3115E-5	3.6002E-1	2.6008E-11
3.8000E-1	3.8350E-5	3.8350E-5	3.8004E-1	3.0120E-11
4.0000E-1	4.2032E-5	4.2032E-5	4.0005E-1	3.3012E-11
4.2000E-1	5.0506E-5	5.0506E-5	4.2003E-1	3.9667E-11
4.4000E-1	5.7416E-5	5.7416E-5	4.4004E-1	4.5094E-11
4.6000E-1	5.4875E-5	5.4875E-5	4.6005E-1	4.3099E-11
4.8000E-1	5.8257E-5	5.8257E-5	4.8002E-1	4.5755E-11
5.0000E-1	6.4497E-5	6.4497E-5	5.0001E-1	5.0655E-11
5.2000E-1	8.4670E-5	8.4670E-5	5.2002E-1	6.6500E-11
5.4000E-1	9.6792E-5	9.6792E-5	5.4001E-1	7.6020E-11
5.6000E-1	1.1034E-4	1.1034E-4	5.6003E-1	8.6661E-11
5.8000E-1	1.1299E-4	1.1299E-4	5.8003E-1	8.8740E-11
6.0000E-1	1.2530E-4	1.2530E-4	6.0002E-1	9.8408E-11
6.2000E-1	1.2037E-4	1.2037E-4	6.2002E-1	9.4539E-11
6.4000E-1	1.2944E-4	1.2944E-4	5.7401E-1	1.0167E-10
6.6000E-1	1.3026E-4	1.3026E-4	5.8100E-1	1.0230E-10
6.8000E-1	1.3018E-4	1.3018E-4	5.3420E-1	1.0225E-10
7.0000E-1	1.6501E-4	1.6501E-4	7.0003E-1	1.2960E-10
7.2000E-1	2.6089E-4	2.6089E-4	7.2005E-1	2.0490E-10
7.4000E-1	2.4322E-4	2.4322E-4	7.4000E-1	1.9103E-10
7.6000E-1	2.4197E-4	2.4197E-4	7.6003E-1	1.9004E-10
7.8000E-1	3.2622E-4	3.2622E-4	7.8003E-1	2.5621E-10
8.0000E-1	3.0595E-4	3.0595E-4	8.0004E-1	2.4030E-10
8.2000E-1	2.9718E-4	2.9718E-4	8.2003E-1	2.3340E-10
8.4000E-1	3.0853E-4	3.0853E-4	8.4005E-1	2.4232E-10
8.6000E-1	3.1994E-4	3.1994E-4	8.6002E-1	2.5128E-10
8.8000E-1	3.7010E-4	3.7010E-4	8.8003E-1	2.9067E-10
9.0000E-1	3.8667E-4	3.8667E-4	9.0004E-1	3.0369E-10
9.2000E-1	4.6100E-4	4.6100E-4	9.2002E-1	3.6207E-10
9.4000E-1	5.1763E-4	5.1763E-4	9.4005E-1	4.0654E-10
9.6000E-1	5.0508E-4	5.0508E-4	9.6004E-1	3.9669E-10
9.8000E-1	5.5873E-4	5.5873E-4	9.8003E-1	4.3883E-10
1.0000E+0	7.0545E-4	7.0545E-4	1.0001E+0	5.5406E-10
9.8000E-1	5.4772E-4	5.4772E-4	9.8003E-1	4.3018E-10
9.6000E-1	4.9414E-4	4.9414E-4	9.6005E-1	3.8809E-10
9.4000E-1	4.6260E-4	4.6260E-4	9.4004E-1	3.6333E-10
9.2000E-1	4.0331E-4	4.0331E-4	9.2002E-1	3.1676E-10
9.0000E-1	4.1879E-4	4.1879E-4	9.0003E-1	3.2892E-10
8.8000E-1	3.2228E-4	3.2228E-4	8.8004E-1	2.5312E-10
8.6000E-1	2.6433E-4	2.6433E-4	8.6002E-1	2.0761E-10
8.4000E-1	2.3403E-4	2.3403E-4	8.4003E-1	1.8381E-10
8.2000E-1	1.8652E-4	1.8652E-4	8.2003E-1	1.4650E-10
8.0000E-1	1.8131E-4	1.8131E-4	8.0001E-1	1.4240E-10
7.8000E-1	1.6847E-4	1.6847E-4	7.8004E-1	1.3231E-10
7.6000E-1	1.4860E-4	1.4860E-4	7.6003E-1	1.1671E-10
7.4000E-1	1.4047E-4	1.4047E-4	7.4002E-1	1.1032E-10
7.2000E-1	1.0427E-4	1.0427E-4	7.2005E-1	8.1893E-11
7.0000E-1	9.4920E-5	9.4920E-5	7.0003E-1	7.4550E-11
6.8000E-1	9.2075E-5	9.2075E-5	6.8003E-1	7.2315E-11
6.6000E-1	7.8886E-5	7.8886E-5	6.6002E-1	6.1957E-11
6.4000E-1	7.0866E-5	7.0866E-5	6.4004E-1	5.5658E-11
6.2000E-1	6.6460E-5	6.6460E-5	6.2003E-1	5.2198E-11
6.0000E-1	6.2832E-5	6.2832E-5	6.0002E-1	4.9348E-11
5.8000E-1	5.4859E-5	5.4859E-5	5.8004E-1	4.3086E-11
5.6000E-1	5.0919E-5	5.0919E-5	5.6003E-1	3.9992E-11
5.4000E-1	4.3789E-5	4.3789E-5	5.4002E-1	3.4392E-11
5.2000E-1	3.9340E-5	3.9340E-5	5.2004E-1	3.0897E-11
5.0000E-1	3.8791E-5	3.8791E-5	5.0003E-1	3.0467E-11
4.8000E-1	3.3682E-5	3.3682E-5	4.8002E-1	2.6453E-11
4.6000E-1	2.9932E-5	2.9932E-5	4.6006E-1	2.3509E-11
4.4000E-1	3.0460E-5	3.0460E-5	4.4004E-1	2.3923E-11
4.2000E-1	2.4979E-5	2.4979E-5	4.2004E-1	1.9618E-11
4.0000E-1	2.3436E-5	2.3436E-5	4.0006E-1	1.8406E-11
3.8000E-1	1.8985E-5	1.8985E-5	3.8005E-1	1.4911E-11
3.6000E-1	2.0771E-5	2.0771E-5	3.6004E-1	1.6313E-11
3.4000E-1	1.5779E-5	1.5779E-5	3.4005E-1	1.2393E-11
3.2000E-1	1.3766E-5	1.3766E-5	3.2005E-1	1.0812E-11
3.0000E-1	1.2632E-5	1.2632E-5	3.0004E-1	9.9215E-12
2.8000E-1	1.1690E-5	1.1690E-5	2.8006E-1	9.1816E-12
2.6000E-1	1.0338E-5	1.0338E-5	2.6004E-1	8.1191E-12
2.4000E-1	9.2512E-6	9.2512E-6	2.4003E-1	7.2659E-12
2.2000E-1	8.5645E-6	8.5645E-6	2.2003E-1	6.7266E-12
2.0000E-1	7.2495E-6	7.2495E-6	2.0004E-1	5.6937E-12
1.8000E-1	6.2697E-6	6.2697E-6	1.8004E-1	4.9242E-12
1.6000E-1	5.4448E-6	5.4448E-6	1.6003E-1	4.2763E-12
1.4000E-1	4.5366E-6	4.5366E-6	1.4005E-1	3.5631E-12
1.2000E-1	3.8892E-6	3.8892E-6	1.2005E-1	3.0546E-12
1.0000E-1	3.4450E-6	3.4450E-6	1.0004E-1	2.7057E-12
8.0000E-2	2.7402E-6	2.7402E-6	8.0057E-2	2.1522E-12
6.0000E-2	2.4108E-6	2.4108E-6	6.0046E-2	1.8935E-12
4.0000E-2	1.7098E-6	1.7098E-6	4.0039E-2	1.3428E-12
2.0000E-2	1.0507E-6	1.0507E-6	2.0059E-2	8.2521E-13
0.0000E+0	4.2749E-7	4.2749E-7	4.6553E-5	3.3575E-13
-2.0000E-2	1.0060E-7	-1.0060E-7	-2.0043E-2	-7.9009E-14
-4.0000E-2	5.8324E-7	-5.8324E-7	-4.0058E-2	-4.5807E-13
-6.0000E-2	1.0620E-6	-1.0620E-6	-6.0068E-2	-8.3412E-13
-8.0000E-2	1.5845E-6	-1.5845E-6	-8.0042E-2	-1.2444E-12
-1.0000E-1	2.3908E-6	-2.3908E-6	-1.0006E-1	-1.8778E-12
-1.2000E-1	2.6478E-6	-2.6478E-6	-1.2007E-1	-2.0796E-12
-1.4000E-1	3.4122E-6	-3.4122E-6	-1.4008E-1	-2.6799E-12
-1.6000E-1	4.1924E-6	-4.1924E-6	-1.6006E-1	-3.2927E-12
-1.8000E-1	5.2160E-6	-5.2160E-6	-1.8006E-1	-4.0966E-12
-2.0000E-1	6.6189E-6	-6.6189E-6	-2.0007E-1	-5.1985E-12
-2.2000E-1	7.3632E-6	-7.3632E-6	-2.2008E-1	-5.7830E-12
-2.4000E-1	9.8497E-6	-9.8497E-6	-2.4005E-1	-7.7359E-12
-2.6000E-1	1.1715E-5	-1.1715E-5	-2.6006E-1	-9.2009E-12
-2.8000E-1	1.1520E-5	-1.1520E-5	-2.8008E-1	-9.0478E-12
-3.0000E-1	1.2587E-5	-1.2587E-5	-3.0009E-1	-9.8862E-12
-3.2000E-1	1.5540E-5	-1.5540E-5	-3.2007E-1	-1.2205E-11
-3.4000E-1	2.0505E-5	-2.0505E-5	-3.4008E-1	-1.6105E-11
-3.6000E-1	2.3227E-5	-2.3227E-5	-3.6009E-1	-1.8242E-11
-3.8000E-1	2.4021E-5	-2.4021E-5	-3.8010E-1	-1.8866E-11
-4.0000E-1	3.2594E-5	-3.2594E-5	-4.0008E-1	-2.5599E-11
-4.2000E-1	4.1686E-5	-4.1686E-5	-4.2009E-1	-3.2740E-11
-4.4000E-1	4.7453E-5	-4.7453E-5	-4.4009E-1	-3.7269E-11
-4.6000E-1	6.0027E-5	-6.0027E-5	-4.6008E-1	-4.7145E-11
-4.8000E-1	7.4265E-5	-7.4265E-5	-4.8007E-1	-5.8327E-11
-5.0000E-1	9.5522E-5	-9.5522E-5	-5.0008E-1	-7.5023E-11
-5.2000E-1	1.2661E-4	-1.2661E-4	-5.2006E-1	-9.9443E-11
-5.4000E-1	3.1301E-5	-3.1301E-5	-5.4003E-1	-2.4584E-11
-5.6000E-1	1.9970E-4	-1.9970E-4	-5.6007E-1	-1.5684E-10
-5.8000E-1	2.7129E-4	-2.7129E-4	-5.8009E-1	-2.1307E-10
-6.0000E-1	3.7247E-4	-3.7247E-4	-6.0011E-1	-2.9254E-10
-6.2000E-1	4.5746E-4	-4.5746E-4	-6.2008E-1	-3.5929E-10
-6.4000E-1	5.3158E-4	-5.3158E-4	-6.4009E-1	-4.1750E-10
-6.6000E-1	6.3846E-4	-6.3846E-4	-6.6011E-1	-5.0145E-10
-6.8000E-1	7.6846E-4	-7.6846E-4	-6.8011E-1	-6.0354E-10
-7.0000E-1	9.2273E-4	-9.2273E-4	-7.0008E-1	-7.2471E-10
-7.2000E-1	1.1147E-3	-1.1147E-3	-7.2010E-1	-8.7552E-10
-7.4000E-1	1.2611E-3	-1.2611E-3	-7.4008E-1	-9.9049E-10
-7.6000E-1	1.3136E-3	-1.3136E-3	-7.2023E-1	-1.0317E-9
-7.8000E-1	1.6740E-3	-1.6740E-3	-7.8008E-1	-1.3147E-9
-8.0000E-1	2.1129E-3	-2.1129E-3	-8.0008E-1	-1.6594E-9
-8.2000E-1	2.5811E-3	-2.5811E-3	-8.2010E-1	-2.0272E-9
-8.4000E-1	3.0937E-3	-3.0937E-3	-8.4008E-1	-2.4298E-9
-8.6000E-1	3.6785E-3	-3.6785E-3	-8.6009E-1	-2.8891E-9
-8.8000E-1	4.4147E-3	-4.4147E-3	-8.8010E-1	-3.4673E-9
-9.0000E-1	5.4426E-3	-5.4426E-3	-9.0011E-1	-4.2746E-9
-9.2000E-1	6.5982E-3	-6.5982E-3	-9.2009E-1	-5.1822E-9
-9.4000E-1	7.9570E-3	-7.9570E-3	-9.4011E-1	-6.2494E-9
-9.6000E-1	9.4894E-3	-9.4894E-3	-9.6011E-1	-7.4529E-9
-9.8000E-1	1.1096E-2	-1.1096E-2	-9.8012E-1	-8.7150E-9
-1.0000E+0	1.2981E-2	-1.2981E-2	-1.0001E+0	-1.0195E-8
-9.8000E-1	1.1418E-2	-1.1418E-2	-9.8012E-1	-8.9681E-9
-9.6000E-1	1.0054E-2	-1.0054E-2	-9.6012E-1	-7.8967E-9
-9.4000E-1	8.6704E-3	-8.6704E-3	-9.4011E-1	-6.8097E-9
-9.2000E-1	7.5633E-3	-7.5633E-3	-9.2009E-1	-5.9402E-9
-9.0000E-1	6.6669E-3	-6.6669E-3	-9.0011E-1	-5.2362E-9
-8.8000E-1	5.8700E-3	-5.8700E-3	-8.8010E-1	-4.6103E-9
-8.6000E-1	4.9891E-3	-4.9891E-3	-8.6009E-1	-3.9184E-9
-8.4000E-1	4.2714E-3	-4.2714E-3	-8.4008E-1	-3.3548E-9
-8.2000E-1	3.7362E-3	-3.7362E-3	-8.2009E-1	-2.9344E-9
-8.0000E-1	3.1924E-3	-3.1924E-3	-8.0008E-1	-2.5073E-9
-7.8000E-1	2.8035E-3	-2.8035E-3	-7.8008E-1	-2.2019E-9
-7.6000E-1	2.4230E-3	-2.4230E-3	-7.6010E-1	-1.9030E-9
-7.4000E-1	1.9876E-3	-1.9876E-3	-7.4010E-1	-1.5611E-9
-7.2000E-1	1.6818E-3	-1.6818E-3	-7.2009E-1	-1.3209E-9
-7.0000E-1	1.4431E-3	-1.4431E-3	-7.0008E-1	-1.1334E-9
-6.8000E-1	1.4097E-3	-1.4097E-3	-6.8011E-1	-1.1072E-9
-6.6000E-1	1.0165E-3	-1.0165E-3	-6.6010E-1	-7.9836E-10
-6.4000E-1	9.0686E-4	-9.0686E-4	-6.4009E-1	-7.1225E-10
-6.2000E-1	7.9809E-4	-7.9809E-4	-6.2008E-1	-6.2681E-10
-6.0000E-1	6.9817E-4	-6.9817E-4	-6.0011E-1	-5.4834E-10
-5.8000E-1	5.6495E-4	-5.6495E-4	-5.8009E-1	-4.4371E-10
-5.6000E-1	4.9929E-4	-4.9929E-4	-5.6008E-1	-3.9214E-10
-5.4000E-1	4.0823E-4	-4.0823E-4	-5.4007E-1	-3.2063E-10
-5.2000E-1	3.3126E-4	-3.3126E-4	-5.2009E-1	-2.6017E-10
-5.0000E-1	2.8199E-4	-2.8199E-4	-5.0008E-1	-2.2147E-10
-4.8000E-1	2.5340E-4	-2.5340E-4	-4.8008E-1	-1.9902E-10
-4.6000E-1	1.9179E-4	-1.9179E-4	-4.6007E-1	-1.5063E-10
-4.4000E-1	1.5403E-4	-1.5403E-4	-4.4010E-1	-1.2097E-10
-4.2000E-1	1.2888E-4	-1.2888E-4	-4.2009E-1	-1.0123E-10
-4.0000E-1	9.0729E-5	-9.0729E-5	-4.0008E-1	-7.1259E-11
-3.8000E-1	8.6620E-5	-8.6620E-5	-3.8010E-1	-6.8032E-11
-3.6000E-1	7.0235E-5	-7.0235E-5	-3.6009E-1	-5.5163E-11
-3.4000E-1	5.6740E-5	-5.6740E-5	-3.4008E-1	-4.4564E-11
-3.2000E-1	4.3577E-5	-4.3577E-5	-3.2007E-1	-3.4226E-11
-3.0000E-1	3.3138E-5	-3.3138E-5	-3.0009E-1	-2.6027E-11
-2.8000E-1	2.9503E-5	-2.9503E-5	-2.8008E-1	-2.3172E-11
-2.6000E-1	2.2708E-5	-2.2708E-5	-2.6006E-1	-1.7835E-11
-2.4000E-1	1.6358E-5	-1.6358E-5	-2.4006E-1	-1.2848E-11
-2.2000E-1	1.2052E-5	-1.2052E-5	-2.2008E-1	-9.4656E-12
-2.0000E-1	8.9211E-6	-8.9211E-6	-2.0007E-1	-7.0066E-12
-1.8000E-1	6.8876E-6	-6.8876E-6	-1.8006E-1	-5.4095E-12
-1.6000E-1	5.3787E-6	-5.3787E-6	-1.6006E-1	-4.2244E-12
-1.4000E-1	4.2492E-6	-4.2492E-6	-1.4008E-1	-3.3373E-12
-1.2000E-1	3.3470E-6	-3.3470E-6	-1.2007E-1	-2.6288E-12
-1.0000E-1	2.7171E-6	-2.7171E-6	-1.0006E-1	-2.1340E-12
-8.0000E-2	2.1044E-6	-2.1044E-6	-8.0045E-2	-1.6528E-12
-6.0000E-2	1.5078E-6	-1.5078E-6	-6.0063E-2	-1.1842E-12
-4.0000E-2	9.9512E-7	-9.9512E-7	-4.0054E-2	-7.8157E-13
-2.0000E-2	4.9845E-7	-4.9845E-7	-2.0043E-2	-3.9148E-13
-0.0000E+0	3.2478E-8	-3.2478E-8	-6.7112E-5	-2.5508E-14
0.0000E+0	5.9692E-8	5.9692E-8	-6.5165E-5	4.6882E-14
2.0000E-2	4.5789E-7	4.5789E-7	2.0055E-2	3.5963E-13
4.0000E-2	9.2747E-7	9.2747E-7	4.0036E-2	7.2843E-13
6.0000E-2	1.4377E-6	1.4377E-6	6.0047E-2	1.1292E-12
8.0000E-2	1.9812E-6	1.9812E-6	8.0056E-2	1.5560E-12
1.0000E-1	2.5546E-6	2.5546E-6	1.0004E-1	2.0064E-12
1.2000E-1	3.2097E-6	3.2097E-6	1.2004E-1	2.5209E-12
1.4000E-1	3.8348E-6	3.8348E-6	1.4005E-1	3.0118E-12
1.6000E-1	4.5166E-6	4.5166E-6	1.6003E-1	3.5473E-12
1.8000E-1	5.3888E-6	5.3888E-6	1.8004E-1	4.2324E-12
2.0000E-1	6.0435E-6	6.0435E-6	2.0005E-1	4.7466E-12
2.2000E-1	6.8242E-6	6.8242E-6	2.2003E-1	5.3597E-12
2.4000E-1	7.8419E-6	7.8419E-6	2.4003E-1	6.1590E-12
2.6000E-1	8.9999E-6	8.9999E-6	2.6004E-1	7.0685E-12
2.8000E-1	9.9257E-6	9.9257E-6	2.8006E-1	7.7956E-12
3.0000E-1	1.1683E-5	1.1683E-5	3.0003E-1	9.1755E-12
3.2000E-1	1.3724E-5	1.3724E-5	3.2005E-1	1.0779E-11
3.4000E-1	1.4257E-5	1.4257E-5	3.4006E-1	1.1197E-11
3.6000E-1	1.6191E-5	1.6191E-5	3.6003E-1	1.2716E-11
3.8000E-1	1.9472E-5	1.9472E-5	3.8005E-1	1.5294E-11
4.0000E-1	2.0994E-5	2.0994E-5	4.0006E-1	1.6488E-11
4.2000E-1	2.2299E-5	2.2299E-5	4.2004E-1	1.7514E-11
4.4000E-1	2.5129E-5	2.5129E-5	4.4004E-1	1.9736E-11
4.6000E-1	2.7512E-5	2.7512E-5	4.6006E-1	2.1608E-11
4.8000E-1	3.0029E-5	3.0029E-5	4.8002E-1	2.3585E-11
5.0000E-1	3.2739E-5	3.2739E-5	5.0003E-1	2.5713E-11
5.2000E-1	3.6606E-5	3.6606E-5	5.2004E-1	2.8750E-11
5.4000E-1	3.9420E-5	3.9420E-5	5.4002E-1	3.0961E-11
5.6000E-1	4.2207E-5	4.2207E-5	5.6003E-1	3.3149E-11
5.8000E-1	4.8198E-5	4.8198E-5	5.8004E-1	3.7854E-11
6.0000E-1	5.4350E-5	5.4350E-5	6.0002E-1	4.2686E-11
6.2000E-1	6.7762E-5	6.7762E-5	6.2003E-1	5.3220E-11
6.4000E-1	6.9838E-5	6.9838E-5	6.4003E-1	5.4850E-11
6.6000E-1	8.3454E-5	8.3454E-5	6.6001E-1	6.5545E-11
6.8000E-1	9.2429E-5	9.2429E-5	6.8003E-1	7.2594E-11
7.0000E-1	1.0101E-4	1.0101E-4	7.0004E-1	7.9334E-11
7.2000E-1	1.0573E-4	1.0573E-4	7.2004E-1	8.3043E-11
7.4000E-1	1.1394E-4	1.1394E-4	7.4001E-1	8.9484E-11
7.6000E-1	1.2656E-4	1.2656E-4	7.5894E-1	9.9402E-11
7.8000E-1	1.2873E-4	1.2873E-4	7.1098E-1	1.0111E-10
8.0000E-1	1.2971E-4	1.2971E-4	6.6474E-1	1.0187E-10
8.2000E-1	1.3007E-4	1.3007E-4	7.1789E-1	1.0216E-10
8.4000E-1	1.5547E-4	1.5547E-4	8.4004E-1	1.2210E-10
8.6000E-1	2.3042E-4	2.3042E-4	8.6002E-1	1.8097E-10
8.8000E-1	2.1446E-4	2.1446E-4	8.8003E-1	1.6843E-10
9.0000E-1	2.6320E-4	2.6320E-4	9.0005E-1	2.0672E-10
9.2000E-1	2.6306E-4	2.6306E-4	9.2003E-1	2.0660E-10
9.4000E-1	3.0709E-4	3.0709E-4	9.4005E-1	2.4119E-10
9.6000E-1	3.1564E-4	3.1564E-4	9.6006E-1	2.4790E-10
9.8000E-1	3.7221E-4	3.7221E-4	9.8003E-1	2.9234E-10
1.0000E+0	5.1640E-4	5.1640E-4	1.0001E+0	4.0558E-10
9.8000E-1	3.6729E-4	3.6729E-4	9.8003E-1	2.8847E-10
9.6000E-1	3.1422E-4	3.1422E-4	9.6005E-1	2.4679E-10
9.4000E-1	2.8280E-4	2.8280E-4	9.4003E-1	2.2211E-10
9.2000E-1	2.5497E-4	2.5497E-4	9.2003E-1	2.0025E-10
9.0000E-1	3.5514E-4	3.5514E-4	9.0006E-1	2.7893E-10
8.8000E-1	2.0683E-4	2.0683E-4	8.8003E-1	1.6244E-10
8.6000E-1	2.1442E-4	2.1442E-4	8.6004E-1	1.6841E-10
8.4000E-1	1.3457E-4	1.3457E-4	8.4004E-1	1.0569E-10
8.2000E-1	1.2071E-4	1.2071E-4	8.2002E-1	9.4803E-11
8.0000E-1	1.0976E-4	1.0976E-4	8.0000E-1	8.6208E-11
7.8000E-1	1.0213E-4	1.0213E-4	7.8003E-1	8.0215E-11
7.6000E-1	9.0205E-5	9.0205E-5	7.6003E-1	7.0847E-11
7.4000E-1	8.1648E-5	8.1648E-5	7.4001E-1	6.4126E-11
7.2000E-1	6.9520E-5	6.9520E-5	7.2005E-1	5.4601E-11
7.0000E-1	6.1407E-5	6.1407E-5	7.0003E-1	4.8229E-11
6.8000E-1	5.4759E-5	5.4759E-5	6.8003E-1	4.3007E-11
6.6000E-1	5.0252E-5	5.0252E-5	6.6002E-1	3.9468E-11
6.4000E-1	4.5102E-5	4.5102E-5	6.4003E-1	3.5423E-11
6.2000E-1	4.0679E-5	4.0679E-5	6.2003E-1	3.1949E-11
6.0000E-1	3.7129E-5	3.7129E-5	6.0003E-1	2.9161E-11
5.8000E-1	3.4456E-5	3.4456E-5	5.8004E-1	2.7062E-11
5.6000E-1	3.1452E-5	3.1452E-5	5.6003E-1	2.4703E-11
5.4000E-1	2.7843E-5	2.7843E-5	5.4002E-1	2.1868E-11
5.2000E-1	2.5040E-5	2.5040E-5	5.2004E-1	1.9667E-11
5.0000E-1	2.2306E-5	2.2306E-5	5.0003E-1	1.7519E-11
4.8000E-1	2.0132E-5	2.0132E-5	4.8002E-1	1.5812E-11
4.6000E-1	1.8133E-5	1.8133E-5	4.6005E-1	1.4242E-11
4.4000E-1	1.6379E-5	1.6379E-5	4.4005E-1	1.2864E-11
4.2000E-1	1.4779E-5	1.4779E-5	4.2003E-1	1.1608E-11
4.0000E-1	1.3379E-5	1.3379E-5	4.0006E-1	1.0508E-11
3.8000E-1	1.2073E-5	1.2073E-5	3.8005E-1	9.4823E-12
3.6000E-1	1.0817E-5	1.0817E-5	3.6004E-1	8.4953E-12
3.4000E-1	9.7252E-6	9.7252E-6	3.4006E-1	7.6382E-12
3.2000E-1	8.8277E-6	8.8277E-6	3.2006E-1	6.9333E-12
3.0000E-1	8.2561E-6	8.2561E-6	3.0004E-1	6.4843E-12
2.8000E-1	7.0945E-6	7.0945E-6	2.8006E-1	5.5720E-12
2.6000E-1	6.0438E-6	6.0438E-6	2.6004E-1	4.7468E-12
2.4000E-1	5.3050E-6	5.3050E-6	2.4004E-1	4.1666E-12
2.2000E-1	4.6128E-6	4.6128E-6	2.2003E-1	3.6229E-12
2.0000E-1	4.1775E-6	4.1775E-6	2.0005E-1	3.2810E-12
1.8000E-1	3.5864E-6	3.5864E-6	1.8004E-1	2.8167E-12
1.6000E-1	3.0585E-6	3.0585E-6	1.6003E-1	2.4021E-12
1.4000E-1	2.5924E-6	2.5924E-6	1.4005E-1	2.0361E-12
1.2000E-1	2.1835E-6	2.1835E-6	1.2005E-1	1.7149E-12
1.0000E-1	1.7883E-6	1.7883E-6	1.0004E-1	1.4045E-12
8.0000E-2	1.4419E-6	1.4419E-6	8.0057E-2	1.1324E-12
6.0000E-2	1.1425E-6	1.1425E-6	6.0048E-2	8.9735E-13
4.0000E-2	8.6124E-7	8.6124E-7	4.0041E-2	6.7641E-13
2.0000E-2	5.6533E-7	5.6533E-7	2.0059E-2	4.4401E-13
0.0000E+0	2.9849E-7	2.9849E-7	4.5961E-5	2.3443E-13
-2.0000E-2	4.4044E-8	4.4044E-8	-2.0044E-2	3.4592E-14
-4.0000E-2	2.0399E-7	-2.0399E-7	-4.0052E-2	-1.6021E-13
-6.0000E-2	4.6632E-7	-4.6632E-7	-6.0063E-2	-3.6625E-13
-8.0000E-2	6.8837E-7	-6.8837E-7	-8.0044E-2	-5.4065E-13
-1.0000E-1	9.5543E-7	-9.5543E-7	-1.0005E-1	-7.5040E-13
-1.2000E-1	1.2485E-6	-1.2485E-6	-1.2006E-1	-9.8059E-13
-1.4000E-1	1.5121E-6	-1.5121E-6	-1.4007E-1	-1.1876E-12
-1.6000E-1	1.8752E-6	-1.8752E-6	-1.6005E-1	-1.4728E-12
-1.8000E-1	2.1993E-6	-2.1993E-6	-1.8006E-1	-1.7273E-12
-2.0000E-1	2.6211E-6	-2.6211E-6	-2.0006E-1	-2.0586E-12
-2.2000E-1	3.0725E-6	-3.0725E-6	-2.2008E-1	-2.4131E-12
-2.4000E-1	3.6376E-6	-3.6376E-6	-2.4005E-1	-2.8570E-12
-2.6000E-1	4.3113E-6	-4.3113E-6	-2.6006E-1	-3.3861E-12
-2.8000E-1	5.3390E-6	-5.3390E-6	-2.8008E-1	-4.1932E-12
-3.0000E-1	6.3164E-6	-6.3164E-6	-3.0009E-1	-4.9609E-12
-3.2000E-1	8.2489E-6	-8.2489E-6	-3.2007E-1	-6.4786E-12
-3.4000E-1	1.1961E-5	-1.1961E-5	-3.4007E-1	-9.3942E-12
-3.6000E-1	1.4594E-5	-1.4594E-5	-3.6009E-1	-1.1462E-11
-3.8000E-1	1.5611E-5	-1.5611E-5	-3.8010E-1	-1.2261E-11
-4.0000E-1	1.8997E-5	-1.8997E-5	-4.0008E-1	-1.4921E-11
-4.2000E-1	2.4018E-5	-2.4018E-5	-4.2009E-1	-1.8864E-11
-4.4000E-1	3.0035E-5	-3.0035E-5	-4.4009E-1	-2.3589E-11
-4.6000E-1	3.8303E-5	-3.8303E-5	-4.6008E-1	-3.0083E-11
-4.8000E-1	5.0726E-5	-5.0726E-5	-4.8007E-1	-3.9840E-11
-5.0000E-1	6.4800E-5	-6.4800E-5	-5.0008E-1	-5.0894E-11
-5.2000E-1	7.9793E-5	-7.9793E-5	-5.2009E-1	-6.2669E-11
-5.4000E-1	1.0396E-4	-1.0396E-4	-5.4007E-1	-8.1651E-11
-5.6000E-1	1.2804E-4	-1.2804E-4	-5.3283E-1	-1.0056E-10
-5.8000E-1	3.8448E-5	-3.8448E-5	-5.8006E-1	-3.0197E-11
-6.0000E-1	1.7518E-4	-1.7518E-4	-6.0011E-1	-1.3758E-10
-6.2000E-1	2.1272E-4	-2.1272E-4	-6.2007E-1	-1.6707E-10
-6.4000E-1	2.8386E-4	-2.8386E-4	-6.4008E-1	-2.2294E-10
-6.6000E-1	3.8026E-4	-3.8026E-4	-6.6010E-1	-2.9865E-10
-6.8000E-1	4.7541E-4	-4.7541E-4	-6.8010E-1	-3.7338E-10
-7.0000E-1	5.3817E-4	-5.3817E-4	-7.0009E-1	-4.2268E-10
-7.2000E-1	6.7977E-4	-6.7977E-4	-7.2009E-1	-5.3389E-10
-7.4000E-1	8.7078E-4	-8.7078E-4	-7.4010E-1	-6.8391E-10
-7.6000E-1	1.0668E-3	-1.0668E-3	-7.6011E-1	-8.3790E-10
-7.8000E-1	1.2237E-3	-1.2237E-3	-7.8008E-1	-9.6109E-10
-8.0000E-1	1.2999E-3	-1.2999E-3	-7.7643E-1	-1.0209E-9
-8.2000E-1	1.6496E-3	-1.6496E-3	-8.2009E-1	-1.2956E-9
-8.4000E-1	1.9942E-3	-1.9942E-3	-8.4008E-1	-1.5662E-9
-8.6000E-1	2.4270E-3	-2.4270E-3	-8.6009E-1	-1.9062E-9
-8.8000E-1	2.8957E-3	-2.8957E-3	-8.8010E-1	-2.2743E-9
-9.0000E-1	3.6149E-3	-3.6149E-3	-9.0011E-1	-2.8392E-9
-9.2000E-1	4.2823E-3	-4.2823E-3	-9.2009E-1	-3.3633E-9
-9.4000E-1	5.2486E-3	-5.2486E-3	-9.4011E-1	-4.1222E-9
-9.6000E-1	6.2378E-3	-6.2378E-3	-9.6012E-1	-4.8992E-9
-9.8000E-1	7.4419E-3	-7.4419E-3	-9.8012E-1	-5.8449E-9
-1.0000E+0	8.8167E-3	-8.8167E-3	-1.0001E+0	-6.9246E-9
-9.8000E-1	7.7061E-3	-7.7061E-3	-9.8012E-1	-6.0524E-9
-9.6000E-1	6.7765E-3	-6.7765E-3	-9.6011E-1	-5.3223E-9
-9.4000E-1	5.8330E-3	-5.8330E-3	-9.4010E-1	-4.5812E-9
-9.2000E-1	5.1662E-3	-5.1662E-3	-9.2009E-1	-4.0575E-9
-9.0000E-1	4.4598E-3	-4.4598E-3	-9.0011E-1	-3.5027E-9
-8.8000E-1	3.8652E-3	-3.8652E-3	-8.8011E-1	-3.0357E-9
-8.6000E-1	3.3694E-3	-3.3694E-3	-8.6009E-1	-2.6463E-9
-8.4000E-1	2.9316E-3	-2.9316E-3	-8.4008E-1	-2.3025E-9
-8.2000E-1	2.4825E-3	-2.4825E-3	-8.2010E-1	-1.9497E-9
-8.0000E-1	2.1198E-3	-2.1198E-3	-8.0008E-1	-1.6649E-9
-7.8000E-1	1.8875E-3	-1.8875E-3	-7.8008E-1	-1.4824E-9
-7.6000E-1	1.5804E-3	-1.5804E-3	-7.6010E-1	-1.2412E-9
-7.4000E-1	1.3609E-3	-1.3609E-3	-7.4010E-1	-1.0688E-9
-7.2000E-1	1.1743E-3	-1.1743E-3	-7.2011E-1	-9.2233E-10
-7.0000E-1	9.8824E-4	-9.8824E-4	-7.0008E-1	-7.7616E-10
-6.8000E-1	8.3299E-4	-8.3299E-4	-6.8011E-1	-6.5423E-10
-6.6000E-1	7.0731E-4	-7.0731E-4	-6.6011E-1	-5.5552E-10
-6.4000E-1	6.2586E-4	-6.2586E-4	-6.4009E-1	-4.9155E-10
-6.2000E-1	5.1004E-4	-5.1004E-4	-6.2007E-1	-4.0058E-10
-6.0000E-1	4.6009E-4	-4.6009E-4	-6.0012E-1	-3.6135E-10
-5.8000E-1	3.6806E-4	-3.6806E-4	-5.8010E-1	-2.8907E-10
-5.6000E-1	3.0419E-4	-3.0419E-4	-5.6008E-1	-2.3891E-10
-5.4000E-1	2.5156E-4	-2.5156E-4	-5.4006E-1	-1.9757E-10
-5.2000E-1	2.0668E-4	-2.0668E-4	-5.2009E-1	-1.6232E-10
-5.0000E-1	1.6964E-4	-1.6964E-4	-5.0008E-1	-1.3324E-10
-4.8000E-1	1.4672E-4	-1.4672E-4	-4.8007E-1	-1.1524E-10
-4.6000E-1	1.0863E-4	-1.0863E-4	-4.6007E-1	-8.5315E-11
-4.4000E-1	9.8063E-5	-9.8063E-5	-4.4010E-1	-7.7018E-11
-4.2000E-1	8.0655E-5	-8.0655E-5	-4.2009E-1	-6.3346E-11
-4.0000E-1	6.8314E-5	-6.8314E-5	-4.0008E-1	-5.3654E-11
-3.8000E-1	5.5577E-5	-5.5577E-5	-3.8010E-1	-4.3650E-11
-3.6000E-1	4.2951E-5	-4.2951E-5	-3.6009E-1	-3.3734E-11
-3.4000E-1	3.2497E-5	-3.2497E-5	-3.4008E-1	-2.5523E-11
-3.2000E-1	2.5573E-5	-2.5573E-5	-3.2007E-1	-2.0085E-11
-3.0000E-1	2.0395E-5	-2.0395E-5	-3.0009E-1	-1.6018E-11
-2.8000E-1	1.5866E-5	-1.5866E-5	-2.8008E-1	-1.2461E-11
-2.6000E-1	1.1780E-5	-1.1780E-5	-2.6006E-1	-9.2520E-12
-2.4000E-1	8.9907E-6	-8.9907E-6	-2.4005E-1	-7.0613E-12
-2.2000E-1	6.7276E-6	-6.7276E-6	-2.2008E-1	-5.2838E-12
-2.0000E-1	5.4609E-6	-5.4609E-6	-2.0007E-1	-4.2890E-12
-1.8000E-1	4.2753E-6	-4.2753E-6	-1.8007E-1	-3.3578E-12
-1.6000E-1	3.3575E-6	-3.3575E-6	-1.6005E-1	-2.6370E-12
-1.4000E-1	2.4832E-6	-2.4832E-6	-1.4007E-1	-1.9503E-12
-1.2000E-1	2.0572E-6	-2.0572E-6	-1.2007E-1	-1.6157E-12
-1.0000E-1	1.5670E-6	-1.5670E-6	-1.0005E-1	-1.2307E-12
-8.0000E-2	1.1515E-6	-1.1515E-6	-8.0040E-2	-9.0442E-13
-6.0000E-2	8.3103E-7	-8.3103E-7	-6.0069E-2	-6.5269E-13
-4.0000E-2	5.2510E-7	-5.2510E-7	-4.0055E-2	-4.1241E-13
-2.0000E-2	2.2983E-7	-2.2983E-7	-2.0043E-2	-1.8051E-13
-0.0000E+0	4.5540E-8	4.5540E-8	-6.8297E-5	3.5767E-14
0.0000E+0	9.9426E-8	9.9426E-8	-6.4319E-5	7.8089E-14
2.0000E-2	3.3790E-7	3.3790E-7	2.0059E-2	2.6538E-13
4.0000E-2	6.2289E-7	6.2289E-7	4.0037E-2	4.8921E-13
6.0000E-2	9.2763E-7	9.2763E-7	6.0049E-2	7.2856E-13
8.0000E-2	1.2445E-6	1.2445E-6	8.0057E-2	9.7739E-13
1.0000E-1	1.5854E-6	1.5854E-6	1.0003E-1	1.2452E-12
1.2000E-1	1.9607E-6	1.9607E-6	1.2004E-1	1.5399E-12
1.4000E-1	2.3307E-6	2.3307E-6	1.4006E-1	1.8305E-12
1.6000E-1	2.7818E-6	2.7818E-6	1.6003E-1	2.1848E-12
1.8000E-1	3.2543E-6	3.2543E-6	1.8005E-1	2.5560E-12
2.0000E-1	3.7180E-6	3.7180E-6	2.0005E-1	2.9201E-12
2.2000E-1	4.2058E-6	4.2058E-6	2.2002E-1	3.3032E-12
2.4000E-1	4.8276E-6	4.8276E-6	2.4003E-1	3.7916E-12
2.6000E-1	5.4818E-6	5.4818E-6	2.6005E-1	4.3054E-12
2.8000E-1	6.2260E-6	6.2260E-6	2.8006E-1	4.8899E-12
3.0000E-1	7.0147E-6	7.0147E-6	3.0004E-1	5.5093E-12
3.2000E-1	7.8441E-6	7.8441E-6	3.2005E-1	6.1607E-12
3.4000E-1	8.8101E-6	8.8101E-6	3.4006E-1	6.9194E-12
3.6000E-1	9.8967E-6	9.8967E-6	3.6004E-1	7.7729E-12
3.8000E-1	1.1136E-5	1.1136E-5	3.8005E-1	8.7464E-12
4.0000E-1	1.2701E-5	1.2701E-5	4.0006E-1	9.9751E-12
4.2000E-1	1.4576E-5	1.4576E-5	4.2004E-1	1.1448E-11
4.4000E-1	1.6213E-5	1.6213E-5	4.4004E-1	1.2734E-11
4.6000E-1	1.7026E-5	1.7026E-5	4.6005E-1	1.3372E-11
4.8000E-1	1.8870E-5	1.8870E-5	4.8002E-1	1.4820E-11
5.0000E-1	2.1415E-5	2.1415E-5	5.0003E-1	1.6820E-11
5.2000E-1	2.3665E-5	2.3665E-5	5.2004E-1	1.8587E-11
5.4000E-1	2.5442E-5	2.5442E-5	5.4002E-1	1.9982E-11
5.6000E-1	2.8195E-5	2.8195E-5	5.6003E-1	2.2145E-11
5.8000E-1	3.1777E-5	3.1777E-5	5.8004E-1	2.4958E-11
6.0000E-1	3.5538E-5	3.5538E-5	6.0003E-1	2.7912E-11
6.2000E-1	3.9602E-5	3.9602E-5	6.2003E-1	3.1103E-11
6.4000E-1	4.3498E-5	4.3498E-5	6.4004E-1	3.4163E-11
6.6000E-1	4.7427E-5	4.7427E-5	6.6002E-1	3.7249E-11
6.8000E-1	5.6677E-5	5.6677E-5	6.8002E-1	4.4514E-11
7.0000E-1	7.2682E-5	7.2682E-5	7.0004E-1	5.7084E-11
7.2000E-1	6.9773E-5	6.9773E-5	7.2005E-1	5.4799E-11
7.4000E-1	8.0172E-5	8.0172E-5	7.4001E-1	6.2967E-11
7.6000E-1	9.0019E-5	9.0019E-5	7.6003E-1	7.0701E-11
7.8000E-1	9.8411E-5	9.8411E-5	7.8003E-1	7.7292E-11
8.0000E-1	1.0317E-4	1.0317E-4	8.0001E-1	8.1026E-11
8.2000E-1	1.0929E-4	1.0929E-4	8.2002E-1	8.5838E-11
8.4000E-1	1.2085E-4	1.2085E-4	8.4003E-1	9.4914E-11
8.6000E-1	1.4004E-4	1.4004E-4	8.6002E-1	1.0999E-10
8.8000E-1	1.6539E-4	1.6539E-4	8.8003E-1	1.2990E-10
9.0000E-1	1.9380E-4	1.9380E-4	9.0005E-1	1.5221E-10
9.2000E-1	2.1153E-4	2.1153E-4	9.2003E-1	1.6613E-10
9.4000E-1	2.9622E-4	2.9622E-4	9.4006E-1	2.3265E-10
9.6000E-1	2.5630E-4	2.5630E-4	9.6005E-1	2.0130E-10
9.8000E-1	4.5233E-4	4.5233E-4	9.8002E-1	3.5526E-10
1.0000E+0	4.6968E-4	4.6968E-4	1.0000E+0	3.6888E-10
9.8000E-1	4.2244E-4	4.2244E-4	9.8002E-1	3.3179E-10
9.6000E-1	3.0901E-4	3.0901E-4	9.6003E-1	2.4269E-10
9.4000E-1	3.6820E-4	3.6820E-4	9.4002E-1	2.8919E-10
9.2000E-1	2.6617E-4	2.6617E-4	9.2001E-1	2.0905E-10
9.0000E-1	2.2901E-4	2.2901E-4	9.0004E-1	1.7986E-10
8.8000E-1	1.7607E-4	1.7607E-4	8.8002E-1	1.3828E-10
8.6000E-1	1.8992E-4	1.8992E-4	8.6002E-1	1.4916E-10
8.4000E-1	1.5639E-4	1.5639E-4	8.4004E-1	1.2283E-10
8.2000E-1	1.3221E-4	1.3221E-4	8.2003E-1	1.0383E-10
8.0000E-1	1.0894E-4	1.0894E-4	8.0000E-1	8.5564E-11
7.8000E-1	1.0389E-4	1.0389E-4	7.8003E-1	8.1595E-11
7.6000E-1	1.0000E-4	1.0000E-4	7.6003E-1	7.8540E-11
7.4000E-1	7.8049E-5	7.8049E-5	7.4002E-1	6.1300E-11
7.2000E-1	6.5676E-5	6.5676E-5	7.2005E-1	5.1582E-11
7.0000E-1	6.0301E-5	6.0301E-5	7.0004E-1	4.7360E-11
6.8000E-1	5.1703E-5	5.1703E-5	6.8003E-1	4.0608E-11
6.6000E-1	4.6740E-5	4.6740E-5	6.6002E-1	3.6709E-11
6.4000E-1	4.1268E-5	4.1268E-5	6.4004E-1	3.2412E-11
6.2000E-1	3.7951E-5	3.7951E-5	6.2003E-1	2.9807E-11
6.0000E-1	3.5330E-5	3.5330E-5	6.0002E-1	2.7748E-11
5.8000E-1	3.1221E-5	3.1221E-5	5.8004E-1	2.4521E-11
5.6000E-1	2.8972E-5	2.8972E-5	5.6004E-1	2.2755E-11
5.4000E-1	2.7083E-5	2.7083E-5	5.4002E-1	2.1271E-11
5.2000E-1	2.3102E-5	2.3102E-5	5.2004E-1	1.8144E-11
5.0000E-1	1.8820E-5	1.8820E-5	5.0003E-1	1.4781E-11
4.8000E-1	1.7532E-5	1.7532E-5	4.8002E-1	1.3770E-11
4.6000E-1	1.6784E-5	1.6784E-5	4.6005E-1	1.3182E-11
4.4000E-1	1.5032E-5	1.5032E-5	4.4004E-1	1.1806E-11
4.2000E-1	1.4598E-5	1.4598E-5	4.2004E-1	1.1465E-11
4.0000E-1	1.1829E-5	1.1829E-5	4.0006E-1	9.2906E-12
3.8000E-1	1.1194E-5	1.1194E-5	3.8005E-1	8.7921E-12
3.6000E-1	9.7705E-6	9.7705E-6	3.6004E-1	7.6737E-12
3.4000E-1	8.1137E-6	8.1137E-6	3.4005E-1	6.3725E-12
3.2000E-1	6.9354E-6	6.9354E-6	3.2005E-1	5.4471E-12
3.0000E-1	6.0957E-6	6.0957E-6	3.0003E-1	4.7876E-12
2.8000E-1	5.8961E-6	5.8961E-6	2.8005E-1	4.6308E-12
2.6000E-1	5.0594E-6	5.0594E-6	2.6005E-1	3.9736E-12
2.4000E-1	4.5831E-6	4.5831E-6	2.4004E-1	3.5996E-12
2.2000E-1	3.7336E-6	3.7336E-6	2.2003E-1	2.9324E-12
2.0000E-1	3.1867E-6	3.1867E-6	2.0005E-1	2.5029E-12
1.8000E-1	2.8404E-6	2.8404E-6	1.8005E-1	2.2308E-12
1.6000E-1	2.5726E-6	2.5726E-6	1.6004E-1	2.0205E-12
1.4000E-1	2.0759E-6	2.0759E-6	1.4005E-1	1.6304E-12
1.2000E-1	1.7020E-6	1.7020E-6	1.2005E-1	1.3367E-12
0.0000E+0	4.1056E-7	4.1056E-7	4.2066E-5	3.2245E-13
0.0000E+0	2.9055E-7	2.9055E-7	4.7399E-5	2.2819E-13
0.0000E+0	2.8637E-7	2.8637E-7	4.9684E-5	2.2491E-13
0.0000E+0	2.6390E-7	2.6390E-7	4.5368E-5	2.0726E-13
0.0000E+0	2.3528E-7	2.3528E-7	4.4944E-5	1.8479E-13
0.0000E+0	2.2710E-7	2.2710E-7	4.5791E-5	1.7836E-13
0.0000E+0	1.5879E-7	1.5879E-7	4.6130E-5	1.2471E-13
0.0000E+0	4.4210E-8	-4.4210E-8	4.5960E-5	-3.4722E-14
0.0000E+0	2.4229E-8	2.4229E-8	4.7485E-5	1.9029E-14
0.0000E+0	1.0726E-7	1.0726E-7	4.3929E-5	8.4243E-14
0.0000E+0	4.5131E-7	4.5131E-7	4.5114E-5	3.5446E-13
0.0000E+0	2.4762E-7	2.4762E-7	5.0531E-5	1.9448E-13
0.0000E+0	2.9162E-7	2.9162E-7	4.3759E-5	2.2904E-13
0.0000E+0	6.4137E-7	-6.4137E-7	4.7400E-5	-5.0373E-13
0.0000E+0	8.5331E-7	-8.5331E-7	4.8161E-5	-6.7019E-13
