0	7.1111E-7	5.6196E-7	5.4989E-7	5.9414E-7	5.6361E-7	4.0987E-7	3.9045E-7	5.8546E-7	2.864E-7	9.7582E-8	9.7582E-8	2.6092E-7	5.6028E-7	3.596E-7
0.02	1.2376E-6	3.0434E-6	1.2406E-6	1.2662E-6	1.1079E-6	1.1955E-6	9.687E-7	1.0828E-6	8.4045E-7	1.0111E-6	1.0111E-6	7.1243E-7	8.5705E-7	8.495E-7
0.04	1.7156E-6	2.1091E-6	1.8913E-6	1.7105E-6	1.4883E-6	1.4351E-6	1.4699E-6	1.3725E-6	1.0687E-6	1.3467E-6	1.3467E-6	1.1303E-6	1.2401E-6	1.2308E-6
0.06	2.4739E-6	2.5139E-6	2.5365E-6	2.2104E-6	1.8992E-6	1.9323E-6	1.6926E-6	1.5825E-6	1.7075E-6	1.7796E-6	1.7796E-6	1.3935E-6	1.3807E-6	1.57E-6
0.08	2.9064E-6	2.3319E-6	3.1654E-6	2.6902E-6	2.3372E-6	1.9095E-6	2.0952E-6	1.6697E-6	1.9882E-6	2.4453E-6	2.4453E-6	1.8288E-6	1.9923E-6	1.9209E-6
0.1	3.7033E-6	3.9763E-6	3.975E-6	3.2095E-6	2.8384E-6	2.0522E-6	2.4466E-6	2.2496E-6	2.0991E-6	2.0182E-6	2.0182E-6	1.9294E-6	2.3221E-6	2.2859E-6
0.12	4.2103E-6	4.4111E-6	4.6594E-6	3.8107E-6	3.3477E-6	2.6748E-6	2.8046E-6	2.772E-6	2.69E-6	2.8637E-6	2.8637E-6	2.1789E-6	2.4955E-6	2.5074E-6
0.14	4.7148E-6	5.1811E-6	5.7576E-6	4.2136E-6	3.7461E-6	3.0118E-6	3.236E-6	3.3802E-6	2.9491E-6	3.1997E-6	3.1997E-6	2.692E-6	2.9295E-6	2.9151E-6
0.16	5.3954E-6	5.9584E-6	6.5406E-6	4.8715E-6	4.2062E-6	3.608E-6	3.5543E-6	3.364E-6	3.7184E-6	3.7246E-6	3.7246E-6	2.991E-6	3.097E-6	3.2414E-6
0.18	6.2542E-6	5.4675E-6	7.3608E-6	5.6326E-6	4.6495E-6	4.3252E-6	3.8046E-6	3.6277E-6	4.083E-6	4.545E-6	4.545E-6	3.465E-6	3.748E-6	3.7108E-6
0.2	7.1377E-6	7.5425E-6	8.0815E-6	6.2058E-6	5.2065E-6	4.418E-6	4.4874E-6	4.2857E-6	4.8398E-6	4.2373E-6	4.2373E-6	3.7864E-6	4.1509E-6	4.078E-6
0.22	7.8977E-6	8.2019E-6	9.3164E-6	6.8988E-6	5.8053E-6	5.1151E-6	5.0198E-6	4.8625E-6	5.2001E-6	5.1285E-6	5.1285E-6	4.1938E-6	4.4755E-6	4.6362E-6
0.24	8.6907E-6	9.047E-6	9.7464E-6	7.6477E-6	6.4637E-6	5.8155E-6	5.5895E-6	5.7553E-6	5.7202E-6	5.5119E-6	5.5119E-6	4.819E-6	5.1725E-6	5.0673E-6
0.26	9.6556E-6	1.0021E-5	1.0518E-5	8.5437E-6	7.1239E-6	6.7083E-6	6.1712E-6	5.8898E-6	6.4511E-6	6.3752E-6	6.3752E-6	5.3971E-6	5.6856E-6	5.6395E-6
0.28	1.09E-5	1.1036E-5	1.1972E-5	9.1275E-6	7.9458E-6	7.6057E-6	6.2112E-6	6.2854E-6	7.0571E-6	6.7718E-6	6.7718E-6	6.1251E-6	6.1869E-6	6.5117E-6
0.3	1.2027E-5	1.1982E-5	1.3563E-5	9.9168E-6	8.9617E-6	7.5773E-6	7.4174E-6	7.65E-6	7.6684E-6	7.5975E-6	7.5975E-6	6.7825E-6	6.7602E-6	7.1201E-6
0.32	1.3103E-5	1.2844E-5	1.4237E-5	1.113E-5	1.0076E-5	8.8489E-6	8.0939E-6	8.4121E-6	8.5628E-6	8.4327E-6	8.4327E-6	7.4814E-6	7.8495E-6	7.6643E-6
0.34	1.4463E-5	1.4522E-5	1.5556E-5	1.26E-5	1.1073E-5	9.2187E-6	8.8342E-6	9.9055E-6	9.3877E-6	8.8509E-6	8.8509E-6	8.263E-6	8.4587E-6	8.2979E-6
0.36	1.6107E-5	1.4824E-5	1.6982E-5	1.3236E-5	1.1844E-5	1.0276E-5	9.5545E-6	1.016E-5	1.0278E-5	1.0035E-5	1.0035E-5	9.1769E-6	9.2677E-6	9.5299E-6
0.38	1.7883E-5	1.755E-5	1.8079E-5	1.5016E-5	1.3413E-5	1.1745E-5	1.0199E-5	1.1758E-5	1.1191E-5	1.0851E-5	1.0851E-5	1.0391E-5	1.1041E-5	1.0491E-5
0.4	1.9275E-5	1.9366E-5	1.9647E-5	1.6061E-5	1.4946E-5	1.2399E-5	1.1851E-5	1.2639E-5	1.2285E-5	1.2461E-5	1.2461E-5	1.1607E-5	1.1578E-5	1.2039E-5
0.42	2.1562E-5	2.1896E-5	2.153E-5	1.761E-5	1.6259E-5	1.3376E-5	1.3056E-5	1.4445E-5	1.3387E-5	1.4044E-5	1.4044E-5	1.2627E-5	1.3089E-5	1.2649E-5
0.44	2.381E-5	2.2652E-5	2.3176E-5	1.8645E-5	1.7767E-5	1.5182E-5	1.385E-5	1.596E-5	1.4858E-5	1.4607E-5	1.4607E-5	1.3861E-5	1.4044E-5	1.3984E-5
0.46	2.4853E-5	2.5025E-5	2.5441E-5	2.0614E-5	1.9373E-5	1.6784E-5	1.5947E-5	1.6918E-5	1.6333E-5	1.645E-5	1.645E-5	1.5645E-5	1.5557E-5	1.5224E-5
0.48	2.6865E-5	2.7659E-5	2.7191E-5	2.2098E-5	2.0263E-5	1.7763E-5	1.7628E-5	1.8791E-5	1.8062E-5	1.7589E-5	1.7589E-5	1.6674E-5	1.6763E-5	1.6505E-5
0.5	2.9007E-5	3.1043E-5	2.8906E-5	2.3907E-5	2.1726E-5	1.929E-5	1.98E-5	2.0898E-5	1.9853E-5	1.9672E-5	1.9672E-5	1.8495E-5	1.9497E-5	1.8104E-5
0.52	3.2444E-5	3.2237E-5	3.1614E-5	2.6481E-5	2.3521E-5	2.0992E-5	2.1087E-5	2.252E-5	2.2288E-5	2.2169E-5	2.2169E-5	2.0506E-5	2.0745E-5	2.0228E-5
0.54	3.3923E-5	3.473E-5	3.3411E-5	2.821E-5	2.7346E-5	2.3314E-5	2.295E-5	2.4882E-5	2.4189E-5	2.3772E-5	2.3772E-5	2.2887E-5	2.3627E-5	2.2062E-5
0.56	3.6365E-5	3.8128E-5	3.5657E-5	3.1394E-5	2.9586E-5	2.5026E-5	2.6236E-5	2.6675E-5	2.6797E-5	2.6374E-5	2.6374E-5	2.4815E-5	2.5743E-5	2.4175E-5
0.58	3.9851E-5	3.8352E-5	3.8739E-5	3.4148E-5	3.256E-5	2.7472E-5	3.0397E-5	2.926E-5	2.8805E-5	2.8979E-5	2.8979E-5	2.717E-5	2.8144E-5	2.654E-5
0.6	4.3042E-5	4.0014E-5	4.2299E-5	3.6627E-5	3.4479E-5	2.9665E-5	3.0872E-5	3.187E-5	3.1068E-5	3.1161E-5	3.1161E-5	3.0211E-5	2.9931E-5	2.9085E-5
0.62	4.675E-5	4.7422E-5	4.4457E-5	3.9348E-5	3.8503E-5	3.2627E-5	3.5076E-5	3.4511E-5	3.4033E-5	3.439E-5	3.439E-5	3.2826E-5	3.3758E-5	3.1587E-5
0.64	5.0843E-5	4.8916E-5	4.6743E-5	4.3087E-5	4.2363E-5	3.5423E-5	3.8009E-5	3.7687E-5	3.8439E-5	3.7284E-5	3.7284E-5	3.56E-5	3.7249E-5	3.415E-5
0.66	5.673E-5	5.2098E-5	5.1087E-5	4.6415E-5	4.4894E-5	3.8966E-5	4.2751E-5	4.1724E-5	4.1552E-5	4.1501E-5	4.1501E-5	3.8858E-5	4.0898E-5	3.8026E-5
0.68	6.1201E-5	5.7125E-5	5.4641E-5	4.9943E-5	4.8336E-5	4.1902E-5	4.6353E-5	4.5132E-5	4.5854E-5	4.5588E-5	4.5588E-5	4.2766E-5	4.5989E-5	4.1803E-5
0.7	6.4715E-5	6.1279E-5	5.7522E-5	5.4421E-5	5.3863E-5	4.5543E-5	4.9643E-5	4.9233E-5	4.9076E-5	4.9886E-5	4.9886E-5	4.8174E-5	5.0056E-5	4.5948E-5
0.72	7.3349E-5	6.4541E-5	6.1133E-5	5.9702E-5	5.7525E-5	5.0506E-5	5.3828E-5	5.4552E-5	5.3671E-5	5.4149E-5	5.4149E-5	5.2148E-5	5.3226E-5	4.9097E-5
0.74	8.0374E-5	6.9945E-5	6.682E-5	6.9254E-5	7.337E-5	5.4841E-5	5.9374E-5	5.9222E-5	5.8216E-5	5.8277E-5	5.8277E-5	5.7207E-5	5.9312E-5	5.4392E-5
0.76	8.7188E-5	7.2873E-5	7.0133E-5	7.0026E-5	8.4519E-5	6.0837E-5	6.4566E-5	6.4853E-5	6.5571E-5	6.4358E-5	6.4358E-5	6.3817E-5	6.0757E-5	5.9014E-5
0.78	9.4023E-5	7.7767E-5	7.6254E-5	7.5774E-5	8.1554E-5	6.7838E-5	7.0285E-5	7.1143E-5	7.1433E-5	6.7879E-5	6.7879E-5	6.9696E-5	6.7653E-5	6.4197E-5
0.8	1.0401E-4	8.3261E-5	8.1861E-5	8.2684E-5	9.765E-5	7.3468E-5	7.8678E-5	7.771E-5	7.7531E-5	7.5104E-5	7.5104E-5	7.6793E-5	7.3835E-5	7.0091E-5
0.82	1.0219E-4	8.9594E-5	9.0271E-5	9.0626E-5	1.0053E-4	7.9375E-5	8.4365E-5	8.5957E-5	8.1409E-5	8.2249E-5	8.2249E-5	8.285E-5	8.1011E-5	7.7034E-5
0.84	1.154E-4	1.0027E-4	9.8276E-5	1.0173E-4	1.0789E-4	8.748E-5	9.8785E-5	9.1874E-5	8.9699E-5	8.8155E-5	8.8155E-5	8.942E-5	8.7106E-5	8.3145E-5
0.86	1.2515E-4	1.049E-4	1.047E-4	1.0899E-4	1.2047E-4	9.7368E-5	1.1106E-4	1.0125E-4	9.7682E-5	9.6217E-5	9.6217E-5	9.8406E-5	9.6999E-5	9.1629E-5
0.88	1.0325E-4	1.1481E-4	1.1199E-4	1.1964E-4	1.3249E-4	1.0653E-4	1.1712E-4	1.1025E-4	1.074E-4	1.0434E-4	1.0434E-4	1.0721E-4	1.0663E-4	9.9683E-5
0.9	1.3842E-4	1.2518E-4	1.2115E-4	1.3021E-4	9.7357E-5	1.1675E-4	1.2741E-4	1.2148E-4	1.1749E-4	1.1514E-4	1.1514E-4	1.1698E-4	1.139E-4	1.0888E-4
0.92	1.5439E-4	1.0132E-4	1.0034E-4	1.0543E-4	1.5427E-4	1.2762E-4	1.0676E-4	1.322E-4	1.2707E-4	1.2793E-4	1.2793E-4	1.2757E-4	1.2496E-4	1.2053E-4
0.94	1.7216E-4	1.4969E-4	1.4467E-4	1.5239E-4	1.6404E-4	1.0424E-4	1.5775E-4	1.0507E-4	1.0699E-4	1.0333E-4	1.0333E-4	1.0645E-4	1.0365E-4	9.9441E-5
0.96	1.8769E-4	1.6338E-4	1.6281E-4	1.6692E-4	1.8102E-4	1.5307E-4	1.6638E-4	1.5429E-4	1.512E-4	1.5089E-4	1.5089E-4	1.5333E-4	1.5207E-4	1.4367E-4
0.98	1.989E-4	1.8142E-4	1.7304E-4	1.8462E-4	2.0634E-4	1.6971E-4	1.7912E-4	1.721E-4	1.6859E-4	1.6827E-4	1.6827E-4	1.7007E-4	1.6715E-4	1.5735E-4
1	2.3217E-4	1.9661E-4	1.8986E-4	2.0529E-4	2.0816E-4	1.8327E-4	1.9306E-4	1.8915E-4	1.8516E-4	1.7972E-4	1.7972E-4	1.8858E-4	1.786E-4	1.7524E-4
0.98	1.9536E-4	1.7842E-4	1.9914E-4	1.8092E-4	2.0102E-4	1.6859E-4	1.7491E-4	1.6574E-4	1.6735E-4	1.6483E-4	1.6483E-4	1.6754E-4	1.6393E-4	1.5421E-4
0.96	1.8815E-4	1.6244E-4	1.8541E-4	1.6866E-4	1.8245E-4	1.5718E-4	1.6106E-4	1.5422E-4	1.5285E-4	1.5034E-4	1.5034E-4	1.5269E-4	1.4944E-4	1.4232E-4
0.94	1.7043E-4	1.4798E-4	1.6876E-4	1.519E-4	1.6464E-4	1.3943E-4	1.4831E-4	1.4187E-4	1.4122E-4	1.3372E-4	1.3372E-4	1.4057E-4	1.375E-4	1.3013E-4
0.92	1.5619E-4	1.7304E-4	1.5917E-4	1.383E-4	1.4988E-4	1.1915E-4	1.3371E-4	1.2888E-4	1.284E-4	1.1622E-4	1.1622E-4	1.2821E-4	1.1676E-4	1.1224E-4
0.9	1.4295E-4	1.6454E-4	1.5282E-4	1.3262E-4	1.3521E-4	1.1548E-4	1.1886E-4	1.1177E-4	1.1045E-4	1.1408E-4	1.1408E-4	1.0918E-4	1.1078E-4	1.0846E-4
0.88	1.3153E-4	1.5455E-4	1.3558E-4	1.1147E-4	1.2883E-4	1.0673E-4	1.137E-4	1.0945E-4	1.055E-4	1.045E-4	1.045E-4	1.054E-4	1.0415E-4	9.9571E-5
0.86	1.1198E-4	1.4399E-4	1.2941E-4	1.079E-4	1.0708E-4	9.7337E-5	1.0711E-4	9.8504E-5	9.8003E-5	9.4416E-5	9.4416E-5	9.595E-5	9.6846E-5	9.1671E-5
0.84	1.0653E-4	1.1842E-4	1.1605E-4	1.009E-4	1.0551E-4	8.9063E-5	9.9679E-5	9.105E-5	9.0463E-5	8.707E-5	8.707E-5	8.8285E-5	8.7701E-5	8.3287E-5
0.82	9.7215E-5	1.1242E-4	1.126E-4	9.4221E-5	1.0041E-4	8.1347E-5	9.1734E-5	8.614E-5	8.1697E-5	7.9529E-5	7.9529E-5	8.0691E-5	8.1649E-5	7.7086E-5
0.8	9.012E-5	1.1268E-4	1.0871E-4	8.651E-5	1.1924E-4	7.4704E-5	8.5466E-5	7.9162E-5	7.4711E-5	7.3953E-5	7.3953E-5	7.5016E-5	7.4801E-5	7.087E-5
0.78	9.1703E-5	1.0321E-4	1.0279E-4	8.091E-5	8.0976E-5	6.8869E-5	7.8354E-5	7.1205E-5	6.7847E-5	6.649E-5	6.649E-5	6.7782E-5	6.7758E-5	6.5259E-5
0.76	8.1305E-5	9.6341E-5	9.8927E-5	7.4404E-5	8.1924E-5	6.4773E-5	7.1693E-5	6.6154E-5	6.1593E-5	6.2517E-5	6.2517E-5	6.1654E-5	6.5392E-5	6.0334E-5
0.74	7.5999E-5	6.8619E-5	8.3995E-5	6.8495E-5	8.0821E-5	5.8919E-5	6.5416E-5	6.187E-5	5.7509E-5	5.6799E-5	5.6799E-5	5.7155E-5	5.7026E-5	5.4998E-5
0.72	6.9622E-5	8.4905E-5	8.0369E-5	6.217E-5	6.4286E-5	5.3582E-5	6.0243E-5	5.5337E-5	5.2932E-5	5.1376E-5	5.1376E-5	5.2401E-5	5.4409E-5	5.0338E-5
0.7	6.166E-5	8.4778E-5	7.2221E-5	5.7739E-5	8.1442E-5	4.9039E-5	5.5186E-5	5.0851E-5	4.8294E-5	4.7729E-5	4.7729E-5	4.7615E-5	4.8722E-5	4.6004E-5
0.68	6.4138E-5	7.8437E-5	6.7617E-5	5.2253E-5	7.9983E-5	4.4877E-5	5.3152E-5	4.5516E-5	4.397E-5	4.2582E-5	4.2582E-5	4.2619E-5	4.3562E-5	4.1881E-5
0.66	5.7331E-5	7.1896E-5	6.2511E-5	4.9611E-5	6.8476E-5	4.0293E-5	4.9124E-5	4.1678E-5	4.041E-5	3.9698E-5	3.9698E-5	3.9015E-5	4.0702E-5	3.9022E-5
0.64	6.127E-5	6.3235E-5	5.2919E-5	4.3471E-5	6.0227E-5	3.7259E-5	4.2949E-5	3.8994E-5	3.6536E-5	3.6726E-5	3.6726E-5	3.5902E-5	3.8597E-5	3.497E-5
0.62	4.5052E-5	5.826E-5	5.3505E-5	4.2096E-5	4.4691E-5	3.2995E-5	4.0143E-5	3.4999E-5	3.2935E-5	3.2572E-5	3.2572E-5	3.3102E-5	3.5934E-5	3.1976E-5
0.6	4.462E-5	5.5002E-5	5.1421E-5	3.8561E-5	5.0015E-5	3.0679E-5	3.5332E-5	3.3075E-5	2.9924E-5	3.0231E-5	3.0231E-5	2.9629E-5	3.2547E-5	2.9024E-5
0.58	3.8066E-5	5.0165E-5	4.7905E-5	3.4964E-5	4.7324E-5	2.7548E-5	3.312E-5	2.8479E-5	2.7665E-5	2.7324E-5	2.7324E-5	2.6646E-5	2.9026E-5	2.6774E-5
0.56	3.4685E-5	4.4409E-5	4.6126E-5	3.1366E-5	3.1117E-5	2.5282E-5	3.0849E-5	2.6454E-5	2.4524E-5	2.5871E-5	2.5871E-5	2.4497E-5	2.6695E-5	2.3632E-5
0.54	3.1678E-5	3.8624E-5	4.3614E-5	2.7878E-5	2.8128E-5	2.2882E-5	2.9066E-5	2.4435E-5	2.22E-5	2.3196E-5	2.3196E-5	2.248E-5	2.3187E-5	2.1166E-5
0.52	2.9618E-5	3.7218E-5	3.8492E-5	2.5639E-5	2.5211E-5	2.0944E-5	2.6146E-5	2.1989E-5	2.0081E-5	2.0368E-5	2.0368E-5	2.0399E-5	2.1051E-5	1.9427E-5
0.5	2.7358E-5	3.1269E-5	3.5845E-5	2.3381E-5	2.3125E-5	1.9143E-5	2.2579E-5	2.068E-5	1.856E-5	1.8637E-5	1.8637E-5	1.8732E-5	1.9608E-5	1.7427E-5
0.48	2.4929E-5	2.797E-5	3.2284E-5	2.1357E-5	1.9926E-5	1.7505E-5	2.0947E-5	1.8128E-5	1.6392E-5	1.6518E-5	1.6518E-5	1.6302E-5	1.7571E-5	1.5634E-5
0.46	2.2993E-5	3.4328E-5	3.1529E-5	1.9509E-5	2.2625E-5	1.5355E-5	1.8506E-5	1.7275E-5	1.4861E-5	1.551E-5	1.551E-5	1.4476E-5	1.571E-5	1.392E-5
0.44	2.1134E-5	3.0327E-5	2.8817E-5	1.8085E-5	1.8949E-5	1.4043E-5	1.6466E-5	1.52E-5	1.3797E-5	1.3967E-5	1.3967E-5	1.3535E-5	1.4681E-5	1.2823E-5
0.42	1.9317E-5	1.9371E-5	2.6743E-5	1.6316E-5	1.5398E-5	1.2653E-5	1.5259E-5	1.3468E-5	1.1682E-5	1.1485E-5	1.1485E-5	1.1974E-5	1.2568E-5	1.1303E-5
0.4	1.7685E-5	1.7969E-5	2.5669E-5	1.4793E-5	1.4334E-5	1.1458E-5	1.2611E-5	1.223E-5	1.0778E-5	1.0729E-5	1.0729E-5	1.0813E-5	1.1003E-5	1.011E-5
0.38	1.5758E-5	1.6565E-5	2.2437E-5	1.326E-5	1.332E-5	9.9619E-6	1.1445E-5	1.0885E-5	1.0023E-5	9.5637E-6	9.5637E-6	9.5697E-6	9.6904E-6	9.0668E-6
0.36	1.465E-5	1.4923E-5	2.0025E-5	1.1897E-5	1.1241E-5	8.9208E-6	1.0087E-5	9.8506E-6	8.6269E-6	9.1699E-6	9.1699E-6	8.4204E-6	8.834E-6	8.2225E-6
0.34	1.3438E-5	1.3408E-5	1.812E-5	1.0633E-5	1.0174E-5	8.2063E-6	8.9095E-6	8.8632E-6	7.7976E-6	7.9998E-6	7.9998E-6	7.5094E-6	7.853E-6	7.3717E-6
0.32	1.1845E-5	1.2334E-5	1.6391E-5	9.6724E-6	1.0511E-5	7.407E-6	7.4972E-6	7.9216E-6	6.485E-6	6.6278E-6	6.6278E-6	6.7024E-6	6.9888E-6	6.596E-6
0.3	1.0811E-5	1.1121E-5	1.4732E-5	8.6623E-6	9.7545E-6	6.3654E-6	6.2286E-6	6.8028E-6	6.2699E-6	6.1714E-6	6.1714E-6	5.9333E-6	5.9848E-6	5.7232E-6
0.28	9.5767E-6	9.9001E-6	1.1213E-5	7.7782E-6	8.0485E-6	5.4739E-6	6.0428E-6	5.4646E-6	5.4971E-6	5.1442E-6	5.1442E-6	5.1486E-6	5.6915E-6	4.9729E-6
0.26	8.7603E-6	8.8609E-6	9.5677E-6	6.8875E-6	7.6228E-6	4.5785E-6	5.0504E-6	5.2553E-6	4.6902E-6	5.4475E-6	5.4475E-6	4.4715E-6	5.1254E-6	4.4052E-6
0.24	8.0506E-6	8.085E-6	8.4213E-6	6.1966E-6	6.4634E-6	3.9988E-6	4.4085E-6	4.2874E-6	4.2093E-6	4.3946E-6	4.3946E-6	3.9098E-6	4.3219E-6	3.8484E-6
0.22	6.6268E-6	7.0396E-6	7.633E-6	5.2264E-6	5.8706E-6	3.5351E-6	3.945E-6	4.0653E-6	3.2971E-6	3.707E-6	3.707E-6	3.3491E-6	3.6451E-6	3.3294E-6
0.2	5.7268E-6	6.4047E-6	6.9289E-6	4.6214E-6	5.0591E-6	3.1761E-6	3.0039E-6	2.9114E-6	3.1971E-6	3.2777E-6	3.2777E-6	2.9582E-6	3.0698E-6	2.8303E-6
0.18	5.0803E-6	5.385E-6	5.365E-6	4.0694E-6	3.981E-6	2.4637E-6	2.8126E-6	2.4509E-6	2.8296E-6	2.6609E-6	2.6609E-6	2.509E-6	2.8879E-6	2.4631E-6
0.16	4.3824E-6	4.6385E-6	4.446E-6	3.3378E-6	3.7373E-6	2.0545E-6	2.471E-6	2.1893E-6	1.9703E-6	2.6822E-6	2.6822E-6	2.0642E-6	2.3194E-6	2.0045E-6
0.14	3.4825E-6	3.8763E-6	3.9242E-6	2.7095E-6	2.6995E-6	1.8E-6	1.7875E-6	1.6792E-6	1.7372E-6	2.0207E-6	2.0207E-6	1.5226E-6	1.8585E-6	1.7188E-6
0.12	2.634E-6	3.0865E-6	3.4399E-6	2.1293E-6	2.011E-6	1.3489E-6	1.4388E-6	1.3142E-6	1.2309E-6	1.4442E-6	1.4442E-6	1.29E-6	1.7572E-6	1.3177E-6
0.1	1.974E-6	2.358E-6	2.649E-6	1.65E-6	1.511E-6	1.0628E-6	8.7642E-7	7.8682E-7	1.0268E-6	1.6959E-6	1.6959E-6	9.7665E-7	1.1811E-6	9.7872E-7
0.08	1.3851E-6	1.663E-6	1.9926E-6	1.1848E-6	1.0776E-6	3.9786E-7	7.7718E-7	4.016E-7	7.3543E-7	7.4706E-7	7.4706E-7	6.2736E-7	9.9968E-7	6.2997E-7
0.06	9.0816E-7	1.0521E-6	1.2767E-6	6.0098E-7	6.2195E-7	9.1801E-8	3.5866E-7	3.8171E-7	1.9675E-7	5.3325E-7	5.3325E-7	3.2955E-7	3.9929E-7	3.7232E-7
0.04	2.3661E-7	4.4677E-7	6.1476E-7	1.7757E-7	1.4523E-7	4.8491E-8	-9.8824E-9	8.1501E-8	-9.4317E-8	3.3656E-8	3.3656E-8	6.4096E-9	1.3996E-7	3.0213E-8
0.02	-2.5862E-7	-1.1443E-7	-2.257E-8	-3.1803E-7	-2.2946E-7	-3.3119E-7	-2.8838E-7	-3.1133E-8	-5.4156E-7	-1.8822E-7	-1.8822E-7	-2.9046E-7	-1.7815E-7	-2.6752E-7
0	-6.6097E-7	-6.7722E-7	-6.1457E-7	-7.619E-7	-6.6609E-7	-5.2589E-7	-6.759E-7	-5.765E-7	-7.7936E-7	-6.0232E-8	-6.0232E-8	-4.7397E-7	-6.2777E-7	-5.5418E-7
-0.02	-1.2993E-6	-1.2282E-6	-1.226E-6	-1.1436E-6	-1.0969E-6	-1.0899E-6	-7.6472E-7	-9.2703E-7	-1.0324E-6	-9.5895E-7	-9.5895E-7	-7.8184E-7	-9.8116E-7	-8.011E-7
-0.04	-1.5253E-6	-1.7127E-6	-1.7314E-6	-1.687E-6	-1.3648E-6	-1.3959E-6	-1.1806E-6	-1.1337E-6	-1.1115E-6	-7.7042E-7	-7.7042E-7	-1.06E-6	-1.2688E-6	-1.1111E-6
-0.06	-2.1397E-6	-2.3398E-6	-2.3616E-6	-2.0959E-6	-1.7396E-6	-1.4724E-6	-1.513E-6	-1.3694E-6	-1.4894E-6	-1.4506E-6	-1.4506E-6	-1.3567E-6	-1.4544E-6	-1.3806E-6
-0.08	-2.7405E-6	-2.876E-6	-2.9294E-6	-2.5808E-6	-2.2182E-6	-1.717E-6	-1.6952E-6	-1.3941E-6	-1.7261E-6	-1.6635E-6	-1.6635E-6	-1.5533E-6	-1.9706E-6	-1.7043E-6
-0.1	-3.1964E-6	-3.4459E-6	-3.4372E-6	-3.0836E-6	-2.6075E-6	-2.0799E-6	-1.984E-6	-1.9941E-6	-2.043E-6	-1.6035E-6	-1.6035E-6	-1.9019E-6	-2.3774E-6	-1.9575E-6
-0.12	-3.7695E-6	-3.9715E-6	-4.0366E-6	-3.4517E-6	-3.0111E-6	-2.6256E-6	-2.2041E-6	-2.3844E-6	-2.3692E-6	-2.4122E-6	-2.4122E-6	-2.1751E-6	-2.5231E-6	-2.2866E-6
-0.14	-4.0756E-6	-4.5454E-6	-4.5941E-6	-4.0081E-6	-3.4209E-6	-2.9614E-6	-2.684E-6	-2.9393E-6	-2.7655E-6	-2.759E-6	-2.759E-6	-2.5688E-6	-2.9422E-6	-2.5786E-6
-0.16	-4.9401E-6	-5.2282E-6	-5.2347E-6	-4.5177E-6	-3.9814E-6	-3.2853E-6	-3.0362E-6	-2.9403E-6	-3.0407E-6	-3.3175E-6	-3.3175E-6	-2.8247E-6	-3.1138E-6	-2.8995E-6
-0.18	-5.6179E-6	-5.9052E-6	-5.9113E-6	-5.0772E-6	-4.2708E-6	-3.5544E-6	-3.4266E-6	-3.0747E-6	-3.4509E-6	-3.3685E-6	-3.3685E-6	-3.2526E-6	-3.8271E-6	-3.2992E-6
-0.2	-6.0897E-6	-6.4451E-6	-6.8E-6	-5.4867E-6	-4.7792E-6	-3.9062E-6	-3.7782E-6	-3.9684E-6	-3.8309E-6	-4.016E-6	-4.016E-6	-3.7337E-6	-4.0618E-6	-3.7761E-6
-0.22	-7.0439E-6	-7.0391E-6	-7.642E-6	-5.9798E-6	-5.2327E-6	-4.1105E-6	-4.267E-6	-4.3267E-6	-4.4085E-6	-4.4709E-6	-4.4709E-6	-4.0427E-6	-4.4417E-6	-4.1155E-6
-0.24	-7.0417E-6	-7.6718E-6	-8.3421E-6	-6.7066E-6	-5.9335E-6	-4.8148E-6	-4.9936E-6	-4.8444E-6	-4.8101E-6	-4.6455E-6	-4.6455E-6	-4.6135E-6	-4.9935E-6	-4.6021E-6
-0.26	-7.835E-6	-8.422E-6	-8.8124E-6	-7.6176E-6	-6.7528E-6	-5.0096E-6	-5.6856E-6	-5.1512E-6	-5.2451E-6	-5.5343E-6	-5.5343E-6	-5.2257E-6	-5.3115E-6	-4.9886E-6
-0.28	-8.7231E-6	-9.288E-6	-9.9965E-6	-8.2865E-6	-7.2904E-6	-5.6801E-6	-6.19E-6	-5.5975E-6	-5.7576E-6	-6.0095E-6	-6.0095E-6	-5.739E-6	-5.9736E-6	-5.6985E-6
-0.3	-9.7421E-6	-1.0493E-5	-1.0288E-5	-9.1781E-6	-8.1918E-6	-6.1604E-6	-6.8532E-6	-6.5334E-6	-6.5013E-6	-7.1165E-6	-7.1165E-6	-6.7755E-6	-6.7612E-6	-6.2346E-6
-0.32	-1.0557E-5	-1.1456E-5	-1.123E-5	-1.0032E-5	-9.3963E-6	-6.7785E-6	-7.7411E-6	-7.314E-6	-7.1086E-6	-7.8152E-6	-7.8152E-6	-7.1775E-6	-7.5282E-6	-7.0467E-6
-0.34	-1.1251E-5	-1.1829E-5	-1.2042E-5	-1.1172E-5	-9.903E-6	-8.1009E-6	-8.4492E-6	-8.0667E-6	-8.116E-6	-8.8199E-6	-8.8199E-6	-8.2251E-6	-8.0868E-6	-7.8092E-6
-0.36	-1.2503E-5	-1.2788E-5	-1.2703E-5	-1.1955E-5	-1.074E-5	-8.8239E-6	-9.7847E-6	-9.1661E-6	-9.1116E-6	-9.6822E-6	-9.6822E-6	-9.1777E-6	-8.9693E-6	-8.5725E-6
-0.38	-1.3817E-5	-1.4262E-5	-1.3792E-5	-1.3326E-5	-1.2189E-5	-9.9936E-6	-1.0684E-5	-9.8822E-6	-9.9251E-6	-1.0681E-5	-1.0681E-5	-9.8716E-6	-1.0445E-5	-9.6733E-6
-0.4	-1.5296E-5	-1.554E-5	-1.5133E-5	-1.4729E-5	-1.3191E-5	-1.1485E-5	-1.2261E-5	-1.1672E-5	-1.1881E-5	-1.3426E-5	-1.3426E-5	-1.1089E-5	-1.1294E-5	-1.0978E-5
-0.42	-1.6621E-5	-1.7027E-5	-1.6529E-5	-1.6306E-5	-1.4619E-5	-1.3064E-5	-1.4253E-5	-1.3063E-5	-1.2796E-5	-1.4046E-5	-1.4046E-5	-1.2394E-5	-1.2941E-5	-1.2446E-5
-0.44	-1.832E-5	-1.8966E-5	-1.7818E-5	-1.8738E-5	-1.7024E-5	-1.5536E-5	-1.611E-5	-1.478E-5	-1.4503E-5	-1.6003E-5	-1.6003E-5	-1.4181E-5	-1.4602E-5	-1.4585E-5
-0.46	-2.1008E-5	-2.1789E-5	-2.0261E-5	-2.1537E-5	-2.0181E-5	-1.7712E-5	-1.7963E-5	-1.644E-5	-1.6328E-5	-1.7076E-5	-1.7076E-5	-1.6392E-5	-1.6584E-5	-1.7363E-5
-0.48	-2.4584E-5	-2.3403E-5	-2.208E-5	-2.4303E-5	-2.2938E-5	-1.9942E-5	-2.0106E-5	-1.8588E-5	-1.8276E-5	-1.9989E-5	-1.9989E-5	-1.8652E-5	-1.9557E-5	-1.918E-5
-0.5	-2.7497E-5	-2.6109E-5	-2.4776E-5	-2.7357E-5	-2.4189E-5	-2.265E-5	-2.3167E-5	-2.4171E-5	-2.1012E-5	-2.3368E-5	-2.3368E-5	-2.1619E-5	-2.2614E-5	-2.1642E-5
-0.52	-3.3155E-5	-2.8677E-5	-2.7301E-5	-3.0939E-5	-2.72E-5	-2.6093E-5	-2.7254E-5	-2.6656E-5	-2.4292E-5	-2.5949E-5	-2.5949E-5	-2.3558E-5	-2.5655E-5	-2.4795E-5
-0.54	-3.6575E-5	-3.2027E-5	-3.2023E-5	-3.5295E-5	-3.1496E-5	-2.999E-5	-3.0537E-5	-3.07E-5	-2.8218E-5	-2.9465E-5	-2.9465E-5	-2.7262E-5	-2.8621E-5	-2.7872E-5
-0.56	-4.0949E-5	-3.6581E-5	-3.6447E-5	-3.9487E-5	-3.6601E-5	-3.468E-5	-3.6537E-5	-3.5274E-5	-3.2627E-5	-3.2733E-5	-3.2733E-5	-3.1874E-5	-3.3004E-5	-3.1262E-5
-0.58	-4.725E-5	-4.2503E-5	-4.099E-5	-4.503E-5	-4.2546E-5	-3.9885E-5	-4.3688E-5	-4.1097E-5	-3.6917E-5	-3.7458E-5	-3.7458E-5	-3.6039E-5	-3.7873E-5	-3.5717E-5
-0.6	-4.9338E-5	-4.7593E-5	-4.7082E-5	-5.1099E-5	-4.9482E-5	-4.7233E-5	-5.117E-5	-4.7121E-5	-4.2773E-5	-4.2411E-5	-4.2411E-5	-4.1907E-5	-4.4036E-5	-4.0493E-5
-0.62	-5.744E-5	-6.0961E-5	-5.3866E-5	-5.8999E-5	-5.8665E-5	-5.4428E-5	-5.9173E-5	-5.3538E-5	-4.8781E-5	-4.8507E-5	-4.8507E-5	-4.7919E-5	-5.0929E-5	-4.6427E-5
-0.64	-6.6221E-5	-6.9797E-5	-6.2064E-5	-6.7708E-5	-6.6591E-5	-6.2522E-5	-6.9429E-5	-6.0924E-5	-5.6787E-5	-5.5416E-5	-5.5416E-5	-5.6761E-5	-5.7885E-5	-5.2525E-5
-0.66	-7.4816E-5	-7.2975E-5	-7.1771E-5	-7.6515E-5	-7.5848E-5	-7.2747E-5	-7.8867E-5	-7.0495E-5	-6.5396E-5	-6.2328E-5	-6.2328E-5	-6.4782E-5	-6.5983E-5	-6.1247E-5
-0.68	-8.6511E-5	-8.5493E-5	-8.3772E-5	-8.7942E-5	-8.8678E-5	-8.3611E-5	-9.089E-5	-7.9717E-5	-7.6093E-5	-7.2791E-5	-7.2791E-5	-7.4758E-5	-7.6096E-5	-7.0304E-5
-0.7	-1.0103E-4	-9.8534E-5	-9.9742E-5	-1.0339E-4	-1.0018E-4	-9.8024E-5	-1.0246E-4	-9.2339E-5	-8.6989E-5	-8.3766E-5	-8.3766E-5	-8.6409E-5	-8.6234E-5	-8.1637E-5
-0.72	-1.1627E-4	-1.1528E-4	-1.1316E-4	-1.201E-4	-1.1533E-4	-1.1272E-4	-1.076E-4	-1.0595E-4	-1.0113E-4	-9.6348E-5	-9.6348E-5	-9.8677E-5	-1.0138E-4	-9.337E-5
-0.74	-8.648E-5	-7.5234E-5	-1.3223E-4	-8.2992E-5	-8.1019E-5	-1.3145E-4	-1.2372E-4	-1.2318E-4	-1.1783E-4	-1.117E-4	-1.117E-4	-1.1358E-4	-1.1577E-4	-1.0616E-4
-0.76	-1.6106E-4	-1.5634E-4	-1.0285E-4	-1.573E-4	-1.533E-4	-1.0222E-4	-9.008E-5	-9.1426E-5	-8.2763E-5	-1.302E-4	-1.302E-4	-7.379E-5	-7.1603E-5	-1.21E-4
-0.78	-1.8891E-4	-1.8293E-4	-1.768E-4	-1.8425E-4	-1.7906E-4	-1.7682E-4	-1.672E-4	-1.6471E-4	-1.5733E-4	-9.0303E-5	-9.0303E-5	-1.5863E-4	-1.5441E-4	-8.3486E-5
-0.8	-2.203E-4	-2.1676E-4	-2.0891E-4	-2.1295E-4	-2.0583E-4	-2.0196E-4	-1.9222E-4	-1.9089E-4	-1.804E-4	-1.7421E-4	-1.7421E-4	-1.8471E-4	-1.8209E-4	-1.613E-4
-0.82	-2.6268E-4	-2.5381E-4	-2.4265E-4	-2.4491E-4	-2.4022E-4	-2.3473E-4	-2.2677E-4	-2.1717E-4	-2.1426E-4	-1.9909E-4	-1.9909E-4	-2.1305E-4	-2.1331E-4	-1.8917E-4
-0.84	-3.0515E-4	-2.9807E-4	-2.8281E-4	-2.9815E-4	-2.7611E-4	-2.7629E-4	-2.6418E-4	-2.593E-4	-2.5149E-4	-2.3335E-4	-2.3335E-4	-2.5091E-4	-2.4439E-4	-2.1509E-4
-0.86	-3.5798E-4	-3.5616E-4	-3.3628E-4	-3.4734E-4	-3.3003E-4	-3.2413E-4	-3.0753E-4	-3.008E-4	-2.8814E-4	-2.7113E-4	-2.7113E-4	-2.9292E-4	-2.8316E-4	-2.5481E-4
-0.88	-4.2824E-4	-4.1755E-4	-3.9152E-4	-3.9742E-4	-3.8266E-4	-3.8161E-4	-3.674E-4	-3.4903E-4	-3.4906E-4	-3.2205E-4	-3.2205E-4	-3.4653E-4	-3.3386E-4	-2.9697E-4
-0.9	-5.0503E-4	-4.9483E-4	-4.7623E-4	-4.7022E-4	-4.4795E-4	-4.4809E-4	-4.3036E-4	-4.1005E-4	-3.9541E-4	-3.7292E-4	-3.7292E-4	-4.1874E-4	-3.8901E-4	-3.5671E-4
-0.92	-6.0712E-4	-5.8741E-4	-5.5531E-4	-5.4913E-4	-5.2791E-4	-5.3923E-4	-5.0669E-4	-4.8573E-4	-4.6525E-4	-4.3309E-4	-4.3309E-4	-4.8577E-4	-4.6675E-4	-4.1091E-4
-0.94	-7.1789E-4	-6.9277E-4	-6.5588E-4	-6.5524E-4	-6.2336E-4	-6.3188E-4	-5.9908E-4	-5.6556E-4	-5.5406E-4	-5.2162E-4	-5.2162E-4	-5.7792E-4	-5.4693E-4	-4.9194E-4
-0.96	-8.4787E-4	-8.2748E-4	-7.8774E-4	-7.7485E-4	-7.4153E-4	-7.4701E-4	-7.0538E-4	-6.7624E-4	-6.5945E-4	-6.0938E-4	-6.0938E-4	-6.8876E-4	-6.3694E-4	-5.7772E-4
-0.98	-0.00101	-9.8003E-4	-9.2432E-4	-9.1497E-4	-8.8569E-4	-8.8547E-4	-8.4469E-4	-8.0932E-4	-7.6994E-4	-7.2512E-4	-7.2512E-4	-8.0809E-4	-7.6319E-4	-6.873E-4
-1	-0.00118	-0.00116	-0.0011	-0.00109	-0.00104	-0.00105	-9.9852E-4	-9.6411E-4	-9.4468E-4	-8.5687E-4	-8.5687E-4	-9.6256E-4	-9.153E-4	-8.0566E-4
-0.98	-9.8418E-4	-9.4819E-4	-9.1025E-4	-9.0185E-4	-8.6428E-4	-8.7687E-4	-8.2365E-4	-8.0222E-4	-7.6143E-4	-7.2087E-4	-7.2087E-4	-7.959E-4	-7.5486E-4	-6.6826E-4
-0.96	-8.1774E-4	-7.9498E-4	-7.4516E-4	-7.5342E-4	-7.1898E-4	-7.1947E-4	-7.0173E-4	-6.7684E-4	-6.4131E-4	-6.0892E-4	-6.0892E-4	-6.6376E-4	-6.3523E-4	-5.8493E-4
-0.94	-6.7489E-4	-6.7001E-4	-6.3327E-4	-6.3554E-4	-6.052E-4	-5.9651E-4	-5.8503E-4	-5.5533E-4	-5.4561E-4	-5.0178E-4	-5.0178E-4	-5.5306E-4	-5.3701E-4	-4.8075E-4
-0.92	-5.6426E-4	-5.6365E-4	-5.2274E-4	-5.362E-4	-5.0655E-4	-5.1309E-4	-4.9202E-4	-4.7217E-4	-4.6142E-4	-4.3366E-4	-4.3366E-4	-4.7581E-4	-4.4613E-4	-4.1892E-4
-0.9	-4.7104E-4	-4.6716E-4	-4.4012E-4	-4.5208E-4	-4.2617E-4	-4.2975E-4	-4.1893E-4	-3.9723E-4	-3.9408E-4	-3.6479E-4	-3.6479E-4	-3.9162E-4	-3.7688E-4	-3.6198E-4
-0.88	-4.0711E-4	-3.9899E-4	-3.7024E-4	-3.8887E-4	-3.7014E-4	-3.6133E-4	-3.5903E-4	-3.4142E-4	-3.2753E-4	-3.0931E-4	-3.0931E-4	-3.3567E-4	-3.186E-4	-3.021E-4
-0.86	-3.352E-4	-3.3399E-4	-3.2022E-4	-3.2624E-4	-3.1284E-4	-3.1186E-4	-2.9758E-4	-2.9086E-4	-2.78E-4	-2.7109E-4	-2.7109E-4	-2.8811E-4	-2.7606E-4	-2.5781E-4
-0.84	-2.8619E-4	-2.83E-4	-2.7382E-4	-2.779E-4	-2.6565E-4	-2.6306E-4	-2.5167E-4	-2.4952E-4	-2.3842E-4	-2.3699E-4	-2.3699E-4	-2.4185E-4	-2.352E-4	-2.1791E-4
-0.82	-2.4206E-4	-2.3403E-4	-2.3141E-4	-2.3896E-4	-2.3037E-4	-2.2637E-4	-2.1904E-4	-2.1235E-4	-2.05E-4	-1.9746E-4	-1.9746E-4	-2.1007E-4	-2.0374E-4	-1.854E-4
-0.8	-2.08E-4	-2.0118E-4	-1.9909E-4	-2.0705E-4	-1.9773E-4	-1.968E-4	-1.8885E-4	-1.826E-4	-1.8162E-4	-1.6944E-4	-1.6944E-4	-1.8082E-4	-1.7306E-4	-1.5946E-4
-0.78	-1.7675E-4	-1.7255E-4	-1.6803E-4	-1.7596E-4	-1.6794E-4	-1.7001E-4	-1.579E-4	-1.5668E-4	-1.5621E-4	-1.4896E-4	-1.4896E-4	-1.5506E-4	-1.4967E-4	-1.4446E-4
-0.76	-1.5112E-4	-1.4948E-4	-1.4205E-4	-1.5101E-4	-1.4439E-4	-1.4646E-4	-1.3936E-4	-1.4008E-4	-1.3434E-4	-1.31E-4	-1.31E-4	-1.3552E-4	-1.3187E-4	-1.1287E-4
-0.74	-1.3016E-4	-1.1455E-4	-1.1249E-4	-1.3178E-4	-1.1495E-4	-1.1601E-4	-1.1021E-4	-1.1083E-4	-1.0575E-4	-1.0416E-4	-1.0416E-4	-1.0856E-4	-1.054E-4	-1.0603E-4
-0.72	-1.0569E-4	-1.075E-4	-1.0455E-4	-1.0601E-4	-1.0866E-4	-1.1031E-4	-1.029E-4	-1.0448E-4	-1.0107E-4	-9.8398E-5	-9.8398E-5	-1.014E-4	-9.7717E-5	-9.2764E-5
-0.7	-9.7359E-5	-9.3028E-5	-9.2515E-5	-9.8572E-5	-9.5657E-5	-9.6067E-5	-9.0173E-5	-9.1292E-5	-8.7527E-5	-8.5962E-5	-8.5962E-5	-8.7365E-5	-8.4946E-5	-8.0811E-5
-0.68	-8.548E-5	-8.1054E-5	-8.0687E-5	-8.7761E-5	-8.4033E-5	-8.3559E-5	-7.8215E-5	-7.9814E-5	-7.5805E-5	-7.5213E-5	-7.5213E-5	-7.616E-5	-7.4807E-5	-7.0912E-5
-0.66	-7.5374E-5	-7.0187E-5	-6.9281E-5	-7.6064E-5	-7.2832E-5	-7.3087E-5	-6.8837E-5	-6.993E-5	-6.6364E-5	-6.6223E-5	-6.6223E-5	-6.7644E-5	-6.6834E-5	-6.2205E-5
-0.64	-6.4393E-5	-6.0892E-5	-6.1441E-5	-6.7941E-5	-6.4886E-5	-6.4233E-5	-5.9561E-5	-6.053E-5	-5.7212E-5	-5.863E-5	-5.863E-5	-6.0096E-5	-5.7874E-5	-5.5367E-5
-0.62	-5.5611E-5	-5.3289E-5	-5.3637E-5	-5.9869E-5	-5.5038E-5	-5.5358E-5	-5.2448E-5	-5.3076E-5	-4.9377E-5	-5.0574E-5	-5.0574E-5	-5.2152E-5	-5.1318E-5	-4.8249E-5
-0.6	-4.8859E-5	-4.6282E-5	-4.8382E-5	-5.2317E-5	-5.0008E-5	-4.678E-5	-4.5804E-5	-4.7612E-5	-4.4432E-5	-4.5378E-5	-4.5378E-5	-4.606E-5	-4.539E-5	-4.2004E-5
-0.58	-4.3435E-5	-4.1238E-5	-4.1154E-5	-4.7315E-5	-4.3057E-5	-4.1334E-5	-4.0031E-5	-4.0376E-5	-3.9414E-5	-4.0165E-5	-4.0165E-5	-3.9947E-5	-4.0205E-5	-3.7447E-5
-0.56	-3.8334E-5	-3.6093E-5	-3.7948E-5	-4.2489E-5	-3.7121E-5	-3.6322E-5	-3.5733E-5	-3.5509E-5	-3.3505E-5	-3.4055E-5	-3.4055E-5	-3.5414E-5	-3.5119E-5	-3.295E-5
-0.54	-3.4222E-5	-3.1879E-5	-3.3273E-5	-3.7392E-5	-3.3074E-5	-3.2075E-5	-3.0512E-5	-3.1332E-5	-2.7649E-5	-3.1844E-5	-3.1844E-5	-3.034E-5	-3.04E-5	-2.948E-5
-0.52	-3.0333E-5	-2.7689E-5	-2.9119E-5	-3.3038E-5	-2.9003E-5	-2.6874E-5	-2.6394E-5	-2.7138E-5	-2.4274E-5	-2.7595E-5	-2.7595E-5	-2.6818E-5	-2.7441E-5	-2.5474E-5
-0.5	-2.7124E-5	-2.5166E-5	-2.6395E-5	-2.9551E-5	-2.5182E-5	-2.3072E-5	-2.2627E-5	-2.3541E-5	-2.118E-5	-2.4369E-5	-2.4369E-5	-2.3598E-5	-2.3906E-5	-2.2428E-5
-0.48	-2.3449E-5	-2.1549E-5	-2.3701E-5	-2.6015E-5	-2.1519E-5	-1.9958E-5	-1.8595E-5	-2.0235E-5	-1.8101E-5	-1.9313E-5	-1.9313E-5	-2.1016E-5	-2.0336E-5	-1.9907E-5
-0.46	-2.1372E-5	-1.901E-5	-2.1185E-5	-2.2566E-5	-1.8858E-5	-1.6961E-5	-1.6575E-5	-1.7399E-5	-1.619E-5	-1.6754E-5	-1.6754E-5	-1.8082E-5	-1.82E-5	-1.7923E-5
-0.44	-1.8509E-5	-1.6929E-5	-1.943E-5	-1.95E-5	-1.6808E-5	-1.5408E-5	-1.4583E-5	-1.4911E-5	-1.4353E-5	-1.5312E-5	-1.5312E-5	-1.5575E-5	-1.5127E-5	-1.5939E-5
-0.42	-1.6491E-5	-1.4927E-5	-1.7118E-5	-1.7669E-5	-1.5253E-5	-1.3772E-5	-1.2602E-5	-1.2573E-5	-1.242E-5	-1.3325E-5	-1.3325E-5	-1.3244E-5	-1.3517E-5	-1.4607E-5
-0.4	-1.5063E-5	-1.3179E-5	-1.5442E-5	-1.5332E-5	-1.3699E-5	-1.2051E-5	-1.133E-5	-1.156E-5	-1.1182E-5	-1.2484E-5	-1.2484E-5	-1.1168E-5	-1.1807E-5	-1.1983E-5
-0.38	-1.2792E-5	-1.1685E-5	-1.3469E-5	-1.3842E-5	-1.2162E-5	-1.0807E-5	-8.9949E-6	-1.0926E-5	-9.6042E-6	-1.0296E-5	-1.0296E-5	-9.7681E-6	-1.0423E-5	-1.0486E-5
-0.36	-1.1463E-5	-1.0457E-5	-1.2338E-5	-1.2232E-5	-1.0503E-5	-9.6935E-6	-8.1903E-6	-9.0696E-6	-8.5641E-6	-8.9933E-6	-8.9933E-6	-8.4279E-6	-8.9896E-6	-8.9942E-6
-0.34	-1.0451E-5	-9.46E-6	-1.0866E-5	-1.0802E-5	-9.2479E-6	-7.7516E-6	-7.1128E-6	-7.3943E-6	-7.6962E-6	-8.0071E-6	-8.0071E-6	-7.3139E-6	-7.4823E-6	-8.0456E-6
-0.32	-9.5089E-6	-8.53E-6	-1E-5	-9.7353E-6	-8.3342E-6	-6.2725E-6	-6.1273E-6	-6.2946E-6	-6.6894E-6	-7.0622E-6	-7.0622E-6	-6.5748E-6	-6.6355E-6	-6.9184E-6
-0.3	-8.5033E-6	-7.5491E-6	-8.8666E-6	-8.7746E-6	-7.1386E-6	-5.3134E-6	-5.365E-6	-5.9667E-6	-5.9912E-6	-6.8144E-6	-6.8144E-6	-5.4722E-6	-5.8136E-6	-6.1594E-6
-0.28	-7.5236E-6	-6.8395E-6	-8.2492E-6	-7.7576E-6	-6.2666E-6	-4.5691E-6	-4.2161E-6	-5.2035E-6	-4.9568E-6	-5.8616E-6	-5.8616E-6	-4.6219E-6	-5.0818E-6	-5.1609E-6
-0.26	-6.7144E-6	-6.0951E-6	-7.2529E-6	-7.0456E-6	-5.2998E-6	-4.2621E-6	-3.5489E-6	-4.3236E-6	-4.3232E-6	-4.7268E-6	-4.7268E-6	-3.9442E-6	-4.0075E-6	-4.4979E-6
-0.24	-5.9439E-6	-5.3754E-6	-6.3726E-6	-6.1173E-6	-4.6948E-6	-3.5841E-6	-3.1184E-6	-3.5695E-6	-3.8067E-6	-3.8022E-6	-3.8022E-6	-3.2878E-6	-3.4465E-6	-3.8553E-6
-0.22	-5.636E-6	-4.6595E-6	-5.4864E-6	-5.4177E-6	-4.0525E-6	-3.1E-6	-2.4919E-6	-2.8766E-6	-3.1631E-6	-3.2467E-6	-3.2467E-6	-2.7163E-6	-2.6679E-6	-3.3639E-6
-0.2	-4.6641E-6	-4.0841E-6	-4.7044E-6	-4.6326E-6	-3.4624E-6	-2.4926E-6	-2.3662E-6	-3.1131E-6	-3.034E-6	-3.248E-6	-3.248E-6	-2.2854E-6	-2.4651E-6	-2.7699E-6
-0.18	-3.9762E-6	-3.4575E-6	-4.1868E-6	-3.8523E-6	-2.9873E-6	-2.0294E-6	-1.6163E-6	-2.6239E-6	-2.3623E-6	-2.6223E-6	-2.6223E-6	-1.9949E-6	-2.1249E-6	-2.3481E-6
-0.16	-3.2925E-6	-2.9357E-6	-3.6939E-6	-3.2039E-6	-2.4638E-6	-1.9872E-6	-1.3896E-6	-2.0584E-6	-1.9821E-6	-2.3361E-6	-2.3361E-6	-1.681E-6	-1.5608E-6	-1.9155E-6
-0.14	-2.4625E-6	-2.3516E-6	-2.925E-6	-2.7699E-6	-2.0205E-6	-1.7034E-6	-1.3017E-6	-1.4785E-6	-1.6061E-6	-1.1928E-6	-1.1928E-6	-1.2554E-6	-1.1722E-6	-1.4605E-6
-0.12	-2.4486E-6	-1.8519E-6	-2.3312E-6	-2.1333E-6	-1.5595E-6	-1.3051E-6	-7.2995E-7	-1.0584E-6	-1.07E-6	-1.2185E-6	-1.2185E-6	-9.6086E-7	-9.7735E-7	-1.1102E-6
-0.1	-1.6884E-6	-1.379E-6	-1.8381E-6	-1.5786E-6	-1.1357E-6	-6.9351E-7	-7.7086E-7	-1.1719E-6	-1.0591E-6	-1.4666E-6	-1.4666E-6	-5.9298E-7	-6.9449E-7	-8.475E-7
-0.08	-1.234E-6	-9.3752E-7	-1.3651E-6	-1.2075E-6	-7.8557E-7	-2.3926E-7	-5.3764E-8	-5.8573E-7	-4.4713E-7	-5.6615E-7	-5.6615E-7	-3.5385E-7	-3.8502E-7	-5.2114E-7
-0.06	-5.5197E-7	-4.7657E-7	-7.4898E-7	-6.5516E-7	-3.0208E-7	-3.7305E-7	1.2058E-7	-2.5832E-7	-1.2464E-7	-4.7322E-7	-4.7322E-7	-2.3176E-8	1.2361E-7	-1.8409E-7
-0.04	7.7464E-8	-8.0366E-9	-2.2985E-7	-1.5234E-7	6.5892E-8	-1.2838E-8	2.3617E-7	2.5494E-7	6.6314E-8	4.2975E-7	4.2975E-7	2.4018E-7	3.804E-7	1.1302E-7
-0.02	1.9989E-7	4.4968E-7	2.6516E-7	3.642E-7	4.6025E-7	4.3034E-7	5.6594E-7	4.0701E-7	4.9448E-7	5.6199E-7	5.6199E-7	5.3168E-7	5.3726E-7	4.3891E-7
0	8.8792E-7	8.6267E-7	8.0899E-7	8.9877E-7	8.5378E-7	9.1937E-7	5.6869E-7	5.0216E-7	4.6336E-7	9.598E-8	9.598E-8	6.9787E-7	7.5276E-7	6.9389E-7